# spatial freqs [1/mm], spectrum [a.u.]
-2.560000000000000000e+02,9.496736189756790125e+00
-2.550000000000000000e+02,1.872130517137723515e+01
-2.540000000000000000e+02,1.016122464031981032e+01
-2.530000000000000000e+02,1.848064681740069659e+01
-2.520000000000000000e+02,9.416966318808700720e+00
-2.510000000000000000e+02,1.904097554224223288e+01
-2.500000000000000000e+02,9.756316968664540568e+00
-2.490000000000000000e+02,1.907683375873320841e+01
-2.480000000000000000e+02,1.022284156010950973e+01
-2.470000000000000000e+02,1.900296481422991590e+01
-2.460000000000000000e+02,1.047606886475490384e+01
-2.450000000000000000e+02,1.829070879712466180e+01
-2.440000000000000000e+02,9.956416774032005534e+00
-2.430000000000000000e+02,1.882978334008696919e+01
-2.420000000000000000e+02,1.000661523348887627e+01
-2.410000000000000000e+02,1.874078997966116233e+01
-2.400000000000000000e+02,1.055743292279950474e+01
-2.390000000000000000e+02,1.826423564869583416e+01
-2.380000000000000000e+02,9.989582105582742955e+00
-2.370000000000000000e+02,1.917117141488925114e+01
-2.360000000000000000e+02,1.003150452683686922e+01
-2.350000000000000000e+02,1.911561002155880473e+01
-2.340000000000000000e+02,1.006857765099480773e+01
-2.330000000000000000e+02,1.890596663173657177e+01
-2.320000000000000000e+02,1.002369269771793903e+01
-2.310000000000000000e+02,1.873953034478339319e+01
-2.300000000000000000e+02,9.652174931170028671e+00
-2.290000000000000000e+02,1.911173071089577391e+01
-2.280000000000000000e+02,1.038805972522049892e+01
-2.270000000000000000e+02,1.930935405296601814e+01
-2.260000000000000000e+02,1.007821241020163505e+01
-2.250000000000000000e+02,1.865177399007715664e+01
-2.240000000000000000e+02,1.036022348661386161e+01
-2.230000000000000000e+02,1.959341941998826897e+01
-2.220000000000000000e+02,9.976308681661581801e+00
-2.210000000000000000e+02,1.921819312221155229e+01
-2.200000000000000000e+02,1.081715715287887214e+01
-2.190000000000000000e+02,1.978509620338978436e+01
-2.180000000000000000e+02,1.052275385370446159e+01
-2.170000000000000000e+02,1.965494595437401770e+01
-2.160000000000000000e+02,1.040033926807505615e+01
-2.150000000000000000e+02,1.960701898830469858e+01
-2.140000000000000000e+02,1.097955780536375947e+01
-2.130000000000000000e+02,1.932350453860829731e+01
-2.120000000000000000e+02,1.061798180467109098e+01
-2.110000000000000000e+02,1.950600885681005536e+01
-2.100000000000000000e+02,1.023078915962911317e+01
-2.090000000000000000e+02,2.041357101219942649e+01
-2.080000000000000000e+02,1.169988512486799692e+01
-2.070000000000000000e+02,1.973346869998768582e+01
-2.060000000000000000e+02,1.143628766000936281e+01
-2.050000000000000000e+02,2.091070082910036732e+01
-2.040000000000000000e+02,1.162763602361573234e+01
-2.030000000000000000e+02,2.066676670303486674e+01
-2.020000000000000000e+02,1.180249982961934485e+01
-2.010000000000000000e+02,2.117050136493744006e+01
-2.000000000000000000e+02,1.106198555324759703e+01
-1.990000000000000000e+02,2.101662790307636541e+01
-1.980000000000000000e+02,1.194414066818746178e+01
-1.970000000000000000e+02,2.002613595115280276e+01
-1.960000000000000000e+02,1.201060840711351041e+01
-1.950000000000000000e+02,2.069019617789883370e+01
-1.940000000000000000e+02,1.191992539628936321e+01
-1.930000000000000000e+02,2.147765595028633001e+01
-1.920000000000000000e+02,1.268838309234702777e+01
-1.910000000000000000e+02,2.137157736266339469e+01
-1.900000000000000000e+02,1.319353396883151852e+01
-1.890000000000000000e+02,2.094892778161796087e+01
-1.880000000000000000e+02,1.275128505073683627e+01
-1.870000000000000000e+02,2.186844880180489525e+01
-1.860000000000000000e+02,1.242886894250095686e+01
-1.850000000000000000e+02,2.135113668751152360e+01
-1.840000000000000000e+02,1.170898289237055323e+01
-1.830000000000000000e+02,2.168406713495998162e+01
-1.820000000000000000e+02,1.269218116843225097e+01
-1.810000000000000000e+02,2.077180406041307492e+01
-1.800000000000000000e+02,1.270984683915964020e+01
-1.790000000000000000e+02,2.141468696020041662e+01
-1.780000000000000000e+02,1.317438955651529575e+01
-1.770000000000000000e+02,2.251639135320190377e+01
-1.760000000000000000e+02,1.297350371983294437e+01
-1.750000000000000000e+02,2.156554602988358482e+01
-1.740000000000000000e+02,1.430476839248629339e+01
-1.730000000000000000e+02,2.128304541599449706e+01
-1.720000000000000000e+02,1.306354885200137872e+01
-1.710000000000000000e+02,2.183135833300776341e+01
-1.700000000000000000e+02,1.346659691130692238e+01
-1.690000000000000000e+02,2.203983407816187423e+01
-1.680000000000000000e+02,1.310982170121803314e+01
-1.670000000000000000e+02,2.272606195920803529e+01
-1.660000000000000000e+02,1.363862524544041221e+01
-1.650000000000000000e+02,2.245152777780081266e+01
-1.640000000000000000e+02,1.376467660539758953e+01
-1.630000000000000000e+02,2.334356802746980009e+01
-1.620000000000000000e+02,1.477387062396500639e+01
-1.610000000000000000e+02,2.284039093632086903e+01
-1.600000000000000000e+02,1.478983204364894632e+01
-1.590000000000000000e+02,2.357005793125505377e+01
-1.580000000000000000e+02,1.533008474889646955e+01
-1.570000000000000000e+02,2.455410141918577338e+01
-1.560000000000000000e+02,1.721825213765813700e+01
-1.550000000000000000e+02,2.463803819171311105e+01
-1.540000000000000000e+02,1.558938326764026705e+01
-1.530000000000000000e+02,2.491808406910985596e+01
-1.520000000000000000e+02,1.625431773987544659e+01
-1.510000000000000000e+02,2.635692762504309172e+01
-1.500000000000000000e+02,1.830290441357422537e+01
-1.490000000000000000e+02,2.554197538905423315e+01
-1.480000000000000000e+02,1.844783916167340365e+01
-1.470000000000000000e+02,2.644995291557016870e+01
-1.460000000000000000e+02,1.978577869501866360e+01
-1.450000000000000000e+02,2.775310108356034888e+01
-1.440000000000000000e+02,2.045755619953546045e+01
-1.430000000000000000e+02,2.840913698646354391e+01
-1.420000000000000000e+02,2.069730468642095289e+01
-1.410000000000000000e+02,2.652148743655435226e+01
-1.400000000000000000e+02,2.244044498273709110e+01
-1.390000000000000000e+02,2.679735591629535563e+01
-1.380000000000000000e+02,2.244941706674377357e+01
-1.370000000000000000e+02,2.598913328023128599e+01
-1.360000000000000000e+02,1.982608835616724363e+01
-1.350000000000000000e+02,3.140717952039787519e+01
-1.340000000000000000e+02,2.231227999075661472e+01
-1.330000000000000000e+02,3.276880012078035520e+01
-1.320000000000000000e+02,2.299290713852064982e+01
-1.310000000000000000e+02,3.378768315344515827e+01
-1.300000000000000000e+02,2.276548658763150357e+01
-1.290000000000000000e+02,3.460246473512506782e+01
-1.280000000000000000e+02,2.334441664738341515e+01
-1.270000000000000000e+02,3.216436469391739195e+01
-1.260000000000000000e+02,2.411949783591839847e+01
-1.250000000000000000e+02,3.114642448016333631e+01
-1.240000000000000000e+02,2.398650227727851458e+01
-1.230000000000000000e+02,3.297892502880105070e+01
-1.220000000000000000e+02,2.550814296655847002e+01
-1.210000000000000000e+02,3.200668006229934548e+01
-1.200000000000000000e+02,2.624874511475519512e+01
-1.190000000000000000e+02,3.353961800635379120e+01
-1.180000000000000000e+02,2.422212879275001995e+01
-1.170000000000000000e+02,3.167153372862186345e+01
-1.160000000000000000e+02,2.462016773066250863e+01
-1.150000000000000000e+02,3.337244427438621841e+01
-1.140000000000000000e+02,2.423233830236205577e+01
-1.130000000000000000e+02,3.515193434796609750e+01
-1.120000000000000000e+02,2.553825337639982607e+01
-1.110000000000000000e+02,3.658794198059715086e+01
-1.100000000000000000e+02,2.686681488827528952e+01
-1.090000000000000000e+02,3.442256703002637863e+01
-1.080000000000000000e+02,2.971002797010070395e+01
-1.070000000000000000e+02,3.567293146364426093e+01
-1.060000000000000000e+02,3.150941966644882797e+01
-1.050000000000000000e+02,3.946252548916137926e+01
-1.040000000000000000e+02,3.433215622025062430e+01
-1.030000000000000000e+02,4.150298884100742214e+01
-1.020000000000000000e+02,3.595523534507555041e+01
-1.010000000000000000e+02,4.433408945145615832e+01
-1.000000000000000000e+02,3.968359441986716263e+01
-9.900000000000000000e+01,4.846359323956190934e+01
-9.800000000000000000e+01,4.494942961761701383e+01
-9.700000000000000000e+01,5.082074802922197421e+01
-9.600000000000000000e+01,4.709311886688760751e+01
-9.500000000000000000e+01,5.576390063602778469e+01
-9.400000000000000000e+01,5.153006618499559011e+01
-9.300000000000000000e+01,6.223104884623269584e+01
-9.200000000000000000e+01,6.239977175123780029e+01
-9.100000000000000000e+01,6.552883637150240759e+01
-9.000000000000000000e+01,6.543114394500229025e+01
-8.900000000000000000e+01,7.425526259779257998e+01
-8.800000000000000000e+01,7.233402856078932075e+01
-8.700000000000000000e+01,8.782301260230704543e+01
-8.600000000000000000e+01,8.654342889977682773e+01
-8.500000000000000000e+01,8.794704567024895425e+01
-8.400000000000000000e+01,8.816968169511120834e+01
-8.300000000000000000e+01,9.526323706603012909e+01
-8.200000000000000000e+01,9.307241326547844551e+01
-8.100000000000000000e+01,1.048326282783075527e+02
-8.000000000000000000e+01,1.010740153556988332e+02
-7.900000000000000000e+01,1.112503520857936081e+02
-7.800000000000000000e+01,1.169945891043190898e+02
-7.700000000000000000e+01,1.232564096010998185e+02
-7.600000000000000000e+01,1.290286279796802660e+02
-7.500000000000000000e+01,1.360282642427784765e+02
-7.400000000000000000e+01,1.167325429947857884e+02
-7.300000000000000000e+01,1.311460807398016755e+02
-7.200000000000000000e+01,1.307599185043220302e+02
-7.100000000000000000e+01,1.535246921795160517e+02
-7.000000000000000000e+01,1.457057649406598898e+02
-6.900000000000000000e+01,1.635361588589395012e+02
-6.800000000000000000e+01,1.385719453728298731e+02
-6.700000000000000000e+01,1.640103380695178430e+02
-6.600000000000000000e+01,1.873909291221339686e+02
-6.500000000000000000e+01,1.759220699841276314e+02
-6.400000000000000000e+01,1.951812799553405569e+02
-6.300000000000000000e+01,1.889248774378231133e+02
-6.200000000000000000e+01,1.977496094047803012e+02
-6.100000000000000000e+01,2.240159234031437450e+02
-6.000000000000000000e+01,1.940575466899634307e+02
-5.900000000000000000e+01,2.276946877164311616e+02
-5.800000000000000000e+01,1.965755953306642709e+02
-5.700000000000000000e+01,2.439543005553145463e+02
-5.600000000000000000e+01,2.184134194497279964e+02
-5.500000000000000000e+01,2.527950768548220140e+02
-5.400000000000000000e+01,2.485747656021040086e+02
-5.300000000000000000e+01,2.765587537596043148e+02
-5.200000000000000000e+01,2.629478590976144119e+02
-5.100000000000000000e+01,2.809088615333937469e+02
-5.000000000000000000e+01,2.667805073078059195e+02
-4.900000000000000000e+01,2.899195938683556051e+02
-4.800000000000000000e+01,2.982889013192724406e+02
-4.700000000000000000e+01,2.875978435126696127e+02
-4.600000000000000000e+01,3.026807967782379478e+02
-4.500000000000000000e+01,3.092817222163573661e+02
-4.400000000000000000e+01,3.314849090487331864e+02
-4.300000000000000000e+01,3.143766288205395654e+02
-4.200000000000000000e+01,3.419478186233139922e+02
-4.100000000000000000e+01,3.232382182128952763e+02
-4.000000000000000000e+01,3.468664227706933048e+02
-3.900000000000000000e+01,3.687707506319329127e+02
-3.800000000000000000e+01,3.298933958382780816e+02
-3.700000000000000000e+01,3.835842126900725475e+02
-3.600000000000000000e+01,3.425641198427457539e+02
-3.500000000000000000e+01,4.019984006577494711e+02
-3.400000000000000000e+01,3.888667426495340464e+02
-3.300000000000000000e+01,3.914808556102216244e+02
-3.200000000000000000e+01,3.981907616481773289e+02
-3.100000000000000000e+01,4.331139544876235732e+02
-3.000000000000000000e+01,4.283548007359503345e+02
-2.900000000000000000e+01,4.165631564485649392e+02
-2.800000000000000000e+01,3.984334189045633821e+02
-2.700000000000000000e+01,4.243791666891148111e+02
-2.600000000000000000e+01,4.759764225296743234e+02
-2.500000000000000000e+01,4.387499667195155553e+02
-2.400000000000000000e+01,4.793040758724799275e+02
-2.300000000000000000e+01,4.652243030772154384e+02
-2.200000000000000000e+01,4.972457658880350095e+02
-2.100000000000000000e+01,4.965556302353571709e+02
-2.000000000000000000e+01,5.213596600533383025e+02
-1.900000000000000000e+01,5.503670756292106034e+02
-1.800000000000000000e+01,5.360429813825389829e+02
-1.700000000000000000e+01,5.410107474907681535e+02
-1.600000000000000000e+01,5.416362492550006209e+02
-1.500000000000000000e+01,6.151040520866451971e+02
-1.400000000000000000e+01,6.695121399839094920e+02
-1.300000000000000000e+01,6.941073851159771948e+02
-1.200000000000000000e+01,7.437360200250991511e+02
-1.100000000000000000e+01,9.024006004683272977e+02
-1.000000000000000000e+01,8.912427402227729090e+02
-9.000000000000000000e+00,1.040960377188984239e+03
-8.000000000000000000e+00,1.348494657432106578e+03
-7.000000000000000000e+00,1.432270540630595406e+03
-6.000000000000000000e+00,1.890082441464698604e+03
-5.000000000000000000e+00,2.695189148534073411e+03
-4.000000000000000000e+00,3.858116209995909685e+03
-3.000000000000000000e+00,7.501014746439140254e+03
-2.000000000000000000e+00,1.463264434181694742e+04
-1.000000000000000000e+00,2.409961040692628740e+04
0.000000000000000000e+00,2.649556917776457703e+04
1.000000000000000000e+00,2.409961040692628740e+04
2.000000000000000000e+00,1.463264434181694560e+04
3.000000000000000000e+00,7.501014746439139344e+03
4.000000000000000000e+00,3.858116209995909685e+03
5.000000000000000000e+00,2.695189148534073411e+03
6.000000000000000000e+00,1.890082441464698604e+03
7.000000000000000000e+00,1.432270540630595860e+03
8.000000000000000000e+00,1.348494657432109079e+03
9.000000000000000000e+00,1.040960377188982193e+03
1.000000000000000000e+01,8.912427402227740458e+02
1.100000000000000000e+01,9.024006004683265019e+02
1.200000000000000000e+01,7.437360200250982416e+02
1.300000000000000000e+01,6.941073851159770811e+02
1.400000000000000000e+01,6.695121399839091509e+02
1.500000000000000000e+01,6.151040520866431507e+02
1.600000000000000000e+01,5.416362492550015304e+02
1.700000000000000000e+01,5.410107474907680398e+02
1.800000000000000000e+01,5.360429813825401197e+02
1.900000000000000000e+01,5.503670756292104898e+02
2.000000000000000000e+01,5.213596600533385299e+02
2.100000000000000000e+01,4.965556302353580236e+02
2.200000000000000000e+01,4.972457658880350095e+02
2.300000000000000000e+01,4.652243030772158363e+02
2.400000000000000000e+01,4.793040758724789612e+02
2.500000000000000000e+01,4.387499667195160669e+02
2.600000000000000000e+01,4.759764225296740960e+02
2.700000000000000000e+01,4.243791666891144132e+02
2.800000000000000000e+01,3.984334189045632684e+02
2.900000000000000000e+01,4.165631564485644276e+02
3.000000000000000000e+01,4.283548007359505050e+02
3.100000000000000000e+01,4.331139544876237437e+02
3.200000000000000000e+01,3.981907616481772720e+02
3.300000000000000000e+01,3.914808556102221928e+02
3.400000000000000000e+01,3.888667426495333075e+02
3.500000000000000000e+01,4.019984006577490732e+02
3.600000000000000000e+01,3.425641198427456970e+02
3.700000000000000000e+01,3.835842126900731728e+02
3.800000000000000000e+01,3.298933958382783658e+02
3.900000000000000000e+01,3.687707506319342201e+02
4.000000000000000000e+01,3.468664227706931342e+02
4.100000000000000000e+01,3.232382182128947079e+02
4.200000000000000000e+01,3.419478186233137649e+02
4.300000000000000000e+01,3.143766288205396222e+02
4.400000000000000000e+01,3.314849090487335843e+02
4.500000000000000000e+01,3.092817222163571387e+02
4.600000000000000000e+01,3.026807967782383457e+02
4.700000000000000000e+01,2.875978435126696127e+02
4.800000000000000000e+01,2.982889013192722132e+02
4.900000000000000000e+01,2.899195938683556051e+02
5.000000000000000000e+01,2.667805073078060332e+02
5.100000000000000000e+01,2.809088615333935763e+02
5.200000000000000000e+01,2.629478590976149803e+02
5.300000000000000000e+01,2.765587537596043717e+02
5.400000000000000000e+01,2.485747656021036391e+02
5.500000000000000000e+01,2.527950768548222698e+02
5.600000000000000000e+01,2.184134194497282806e+02
5.700000000000000000e+01,2.439543005553155979e+02
5.800000000000000000e+01,1.965755953306643562e+02
5.900000000000000000e+01,2.276946877164305931e+02
6.000000000000000000e+01,1.940575466899642265e+02
6.100000000000000000e+01,2.240159234031439723e+02
6.200000000000000000e+01,1.977496094047800455e+02
6.300000000000000000e+01,1.889248774378227154e+02
6.400000000000000000e+01,1.951812799553395621e+02
6.500000000000000000e+01,1.759220699841262103e+02
6.600000000000000000e+01,1.873909291221333149e+02
6.700000000000000000e+01,1.640103380695182409e+02
6.800000000000000000e+01,1.385719453728305552e+02
6.900000000000000000e+01,1.635361588589395296e+02
7.000000000000000000e+01,1.457057649406604298e+02
7.100000000000000000e+01,1.535246921795159949e+02
7.200000000000000000e+01,1.307599185043219734e+02
7.300000000000000000e+01,1.311460807398022155e+02
7.400000000000000000e+01,1.167325429947858453e+02
7.500000000000000000e+01,1.360282642427779649e+02
7.600000000000000000e+01,1.290286279796799533e+02
7.700000000000000000e+01,1.232564096010998753e+02
7.800000000000000000e+01,1.169945891043191608e+02
7.900000000000000000e+01,1.112503520857931534e+02
8.000000000000000000e+01,1.010740153556989753e+02
8.100000000000000000e+01,1.048326282783073822e+02
8.200000000000000000e+01,9.307241326547875815e+01
8.300000000000000000e+01,9.526323706602974539e+01
8.400000000000000000e+01,8.816968169511120834e+01
8.500000000000000000e+01,8.794704567024889741e+01
8.600000000000000000e+01,8.654342889977712616e+01
8.700000000000000000e+01,8.782301260230741491e+01
8.800000000000000000e+01,7.233402856078919285e+01
8.900000000000000000e+01,7.425526259779282157e+01
9.000000000000000000e+01,6.543114394500221920e+01
9.100000000000000000e+01,6.552883637150262075e+01
9.200000000000000000e+01,6.239977175123775055e+01
9.300000000000000000e+01,6.223104884623256794e+01
9.400000000000000000e+01,5.153006618499485825e+01
9.500000000000000000e+01,5.576390063602794100e+01
9.600000000000000000e+01,4.709311886688728777e+01
9.700000000000000000e+01,5.082074802922236501e+01
9.800000000000000000e+01,4.494942961761731226e+01
9.900000000000000000e+01,4.846359323956239251e+01
1.000000000000000000e+02,3.968359441986781633e+01
1.010000000000000000e+02,4.433408945145593805e+01
1.020000000000000000e+02,3.595523534507518093e+01
1.030000000000000000e+02,4.150298884100698160e+01
1.040000000000000000e+02,3.433215622025004166e+01
1.050000000000000000e+02,3.946252548916148584e+01
1.060000000000000000e+02,3.150941966644930403e+01
1.070000000000000000e+02,3.567293146364409040e+01
1.080000000000000000e+02,2.971002797010084251e+01
1.090000000000000000e+02,3.442256703002662022e+01
1.100000000000000000e+02,2.686681488827534281e+01
1.110000000000000000e+02,3.658794198059795377e+01
1.120000000000000000e+02,2.553825337640006765e+01
1.130000000000000000e+02,3.515193434796534433e+01
1.140000000000000000e+02,2.423233830236174668e+01
1.150000000000000000e+02,3.337244427438577077e+01
1.160000000000000000e+02,2.462016773066209652e+01
1.170000000000000000e+02,3.167153372862140870e+01
1.180000000000000000e+02,2.422212879274947639e+01
1.190000000000000000e+02,3.353961800635383383e+01
1.200000000000000000e+02,2.624874511475510275e+01
1.210000000000000000e+02,3.200668006229896179e+01
1.220000000000000000e+02,2.550814296655914859e+01
1.230000000000000000e+02,3.297892502880134202e+01
1.240000000000000000e+02,2.398650227727880946e+01
1.250000000000000000e+02,3.114642448016422449e+01
1.260000000000000000e+02,2.411949783591871466e+01
1.270000000000000000e+02,3.216436469391710773e+01
1.280000000000000000e+02,2.334441664738231026e+01
1.290000000000000000e+02,3.460246473512645338e+01
1.300000000000000000e+02,2.276548658763098132e+01
1.310000000000000000e+02,3.378768315344520801e+01
1.320000000000000000e+02,2.299290713852052903e+01
1.330000000000000000e+02,3.276880012078001414e+01
1.340000000000000000e+02,2.231227999075687407e+01
1.350000000000000000e+02,3.140717952039832994e+01
1.360000000000000000e+02,1.982608835616704468e+01
1.370000000000000000e+02,2.598913328023174074e+01
1.380000000000000000e+02,2.244941706674416793e+01
1.390000000000000000e+02,2.679735591629505009e+01
1.400000000000000000e+02,2.244044498273725097e+01
1.410000000000000000e+02,2.652148743655443397e+01
1.420000000000000000e+02,2.069730468642121934e+01
1.430000000000000000e+02,2.840913698646425445e+01
1.440000000000000000e+02,2.045755619953585835e+01
1.450000000000000000e+02,2.775310108356068284e+01
1.460000000000000000e+02,1.978577869501902953e+01
1.470000000000000000e+02,2.644995291556947592e+01
1.480000000000000000e+02,1.844783916167422078e+01
1.490000000000000000e+02,2.554197538905521370e+01
1.500000000000000000e+02,1.830290441357462328e+01
1.510000000000000000e+02,2.635692762504311659e+01
1.520000000000000000e+02,1.625431773987570239e+01
1.530000000000000000e+02,2.491808406911009044e+01
1.540000000000000000e+02,1.558938326763974480e+01
1.550000000000000000e+02,2.463803819171294052e+01
1.560000000000000000e+02,1.721825213765832174e+01
1.570000000000000000e+02,2.455410141918575917e+01
1.580000000000000000e+02,1.533008474889721384e+01
1.590000000000000000e+02,2.357005793125497561e+01
1.600000000000000000e+02,1.478983204364938331e+01
1.610000000000000000e+02,2.284039093632102535e+01
1.620000000000000000e+02,1.477387062396393524e+01
1.630000000000000000e+02,2.334356802746927073e+01
1.640000000000000000e+02,1.376467660539761617e+01
1.650000000000000000e+02,2.245152777780047870e+01
1.660000000000000000e+02,1.363862524544000010e+01
1.670000000000000000e+02,2.272606195920793937e+01
1.680000000000000000e+02,1.310982170121818946e+01
1.690000000000000000e+02,2.203983407816142304e+01
1.700000000000000000e+02,1.346659691130684955e+01
1.710000000000000000e+02,2.183135833300726603e+01
1.720000000000000000e+02,1.306354885200126148e+01
1.730000000000000000e+02,2.128304541599450772e+01
1.740000000000000000e+02,1.430476839248615661e+01
1.750000000000000000e+02,2.156554602988374825e+01
1.760000000000000000e+02,1.297350371983287864e+01
1.770000000000000000e+02,2.251639135320255036e+01
1.780000000000000000e+02,1.317438955651562971e+01
1.790000000000000000e+02,2.141468696020085360e+01
1.800000000000000000e+02,1.270984683916018909e+01
1.810000000000000000e+02,2.077180406041280136e+01
1.820000000000000000e+02,1.269218116843287802e+01
1.830000000000000000e+02,2.168406713495977911e+01
1.840000000000000000e+02,1.170898289237052836e+01
1.850000000000000000e+02,2.135113668751145610e+01
1.860000000000000000e+02,1.242886894250133700e+01
1.870000000000000000e+02,2.186844880180498762e+01
1.880000000000000000e+02,1.275128505073713647e+01
1.890000000000000000e+02,2.094892778161792180e+01
1.900000000000000000e+02,1.319353396883177965e+01
1.910000000000000000e+02,2.137157736266210151e+01
1.920000000000000000e+02,1.268838309234697626e+01
1.930000000000000000e+02,2.147765595028778307e+01
1.940000000000000000e+02,1.191992539628919445e+01
1.950000000000000000e+02,2.069019617789818000e+01
1.960000000000000000e+02,1.201060840711369337e+01
1.970000000000000000e+02,2.002613595115269618e+01
1.980000000000000000e+02,1.194414066818801068e+01
1.990000000000000000e+02,2.101662790307596040e+01
2.000000000000000000e+02,1.106198555324732169e+01
2.010000000000000000e+02,2.117050136493783441e+01
2.020000000000000000e+02,1.180249982961895405e+01
2.030000000000000000e+02,2.066676670303510477e+01
2.040000000000000000e+02,1.162763602361552273e+01
2.050000000000000000e+02,2.091070082910044903e+01
2.060000000000000000e+02,1.143628766000849950e+01
2.070000000000000000e+02,1.973346869998757924e+01
2.080000000000000000e+02,1.169988512486812837e+01
2.090000000000000000e+02,2.041357101220010506e+01
2.100000000000000000e+02,1.023078915962994984e+01
2.110000000000000000e+02,1.950600885681052432e+01
2.120000000000000000e+02,1.061798180467093289e+01
2.130000000000000000e+02,1.932350453860876982e+01
2.140000000000000000e+02,1.097955780536402237e+01
2.150000000000000000e+02,1.960701898830472345e+01
2.160000000000000000e+02,1.040033926807450726e+01
2.170000000000000000e+02,1.965494595437357361e+01
2.180000000000000000e+02,1.052275385370349348e+01
2.190000000000000000e+02,1.978509620338968134e+01
2.200000000000000000e+02,1.081715715287936774e+01
2.210000000000000000e+02,1.921819312221168374e+01
2.220000000000000000e+02,9.976308681662677813e+00
2.230000000000000000e+02,1.959341941998905412e+01
2.240000000000000000e+02,1.036022348661409787e+01
2.250000000000000000e+02,1.865177399007705006e+01
2.260000000000000000e+02,1.007821241020106129e+01
2.270000000000000000e+02,1.930935405296675000e+01
2.280000000000000000e+02,1.038805972522036747e+01
2.290000000000000000e+02,1.911173071089561759e+01
2.300000000000000000e+02,9.652174931169975380e+00
2.310000000000000000e+02,1.873953034478354951e+01
2.320000000000000000e+02,1.002369269771806870e+01
2.330000000000000000e+02,1.890596663173717218e+01
2.340000000000000000e+02,1.006857765099553959e+01
2.350000000000000000e+02,1.911561002155870170e+01
2.360000000000000000e+02,1.003150452683671290e+01
2.370000000000000000e+02,1.917117141488878218e+01
2.380000000000000000e+02,9.989582105583211913e+00
2.390000000000000000e+02,1.826423564869578087e+01
2.400000000000000000e+02,1.055743292279971435e+01
2.410000000000000000e+02,1.874078997966121563e+01
2.420000000000000000e+02,1.000661523348929371e+01
2.430000000000000000e+02,1.882978334008707577e+01
2.440000000000000000e+02,9.956416774032215145e+00
2.450000000000000000e+02,1.829070879712429587e+01
2.460000000000000000e+02,1.047606886475495536e+01
2.470000000000000000e+02,1.900296481422939010e+01
2.480000000000000000e+02,1.022284156011045120e+01
2.490000000000000000e+02,1.907683375873352105e+01
2.500000000000000000e+02,9.756316968664958011e+00
2.510000000000000000e+02,1.904097554224223288e+01
2.520000000000000000e+02,9.416966318809535608e+00
2.530000000000000000e+02,1.848064681740028092e+01
2.540000000000000000e+02,1.016122464032064521e+01
2.550000000000000000e+02,1.872130517137723515e+01
