# spatial freqs [1/mm], spectrum [a.u.]
-5.120000000000000000e+02,3.352459401912647168e-03
-5.110000000000000000e+02,5.723143170285577286e-03
-5.100000000000000000e+02,3.353536033246608868e-03
-5.090000000000000000e+02,5.722314952689825512e-03
-5.080000000000000000e+02,3.354811751751325764e-03
-5.070000000000000000e+02,5.721630642058649421e-03
-5.060000000000000000e+02,3.356286715048327398e-03
-5.050000000000000000e+02,5.721090171451198580e-03
-5.040000000000000000e+02,3.357961113665247806e-03
-5.030000000000000000e+02,5.720693490057817895e-03
-5.020000000000000000e+02,3.359835168940595272e-03
-5.010000000000000000e+02,5.720440557751142394e-03
-5.000000000000000000e+02,3.361909176269676971e-03
-4.990000000000000000e+02,5.720331558233079927e-03
-4.980000000000000000e+02,3.364183549207718990e-03
-4.970000000000000000e+02,5.720366233471437661e-03
-4.960000000000000000e+02,3.366658395126221909e-03
-4.950000000000000000e+02,5.720544941688242291e-03
-4.940000000000000000e+02,3.369334398869746564e-03
-4.930000000000000000e+02,5.720867097054002127e-03
-4.920000000000000000e+02,3.372211503959718099e-03
-4.910000000000000000e+02,5.721333947042160292e-03
-4.900000000000000000e+02,3.375291587532789229e-03
-4.890000000000000000e+02,5.721944431699374674e-03
-4.880000000000000000e+02,3.378572737688537251e-03
-4.870000000000000000e+02,5.722700581326819851e-03
-4.860000000000000000e+02,3.382057575468949782e-03
-4.850000000000000000e+02,5.723598854323858065e-03
-4.840000000000000000e+02,3.385747293238776292e-03
-4.830000000000000000e+02,5.724644078106520470e-03
-4.820000000000000000e+02,3.389640054638565561e-03
-4.810000000000000000e+02,5.725837675061862427e-03
-4.800000000000000000e+02,3.393734557218839893e-03
-4.790000000000000000e+02,5.727173086146149575e-03
-4.780000000000000000e+02,3.398051326494398814e-03
-4.770000000000000000e+02,5.728647543793282011e-03
-4.760000000000000000e+02,3.402547278663706383e-03
-4.750000000000000000e+02,5.730278800767559140e-03
-4.740000000000000000e+02,3.407256432521489544e-03
-4.730000000000000000e+02,5.732069844381654233e-03
-4.720000000000000000e+02,3.412201449608996424e-03
-4.710000000000000000e+02,5.733963774333412401e-03
-4.700000000000000000e+02,3.417356472735412314e-03
-4.690000000000000000e+02,5.736054351023819366e-03
-4.680000000000000000e+02,3.422694626315052769e-03
-4.670000000000000000e+02,5.738266215450359489e-03
-4.660000000000000000e+02,3.428269117018455971e-03
-4.650000000000000000e+02,5.740609144306053034e-03
-4.640000000000000000e+02,3.434049251442318137e-03
-4.630000000000000000e+02,5.743180928234815040e-03
-4.620000000000000000e+02,3.440029907109200084e-03
-4.610000000000000000e+02,5.745820544313049935e-03
-4.600000000000000000e+02,3.446209228034363085e-03
-4.590000000000000000e+02,5.748655969744971908e-03
-4.580000000000000000e+02,3.452664429469975895e-03
-4.570000000000000000e+02,5.751579799531792055e-03
-4.560000000000000000e+02,3.459362581052118860e-03
-4.550000000000000000e+02,5.754737840745131720e-03
-4.540000000000000000e+02,3.466219634605394694e-03
-4.530000000000000000e+02,5.758132075163588902e-03
-4.520000000000000000e+02,3.473263639267446141e-03
-4.510000000000000000e+02,5.761558362855909339e-03
-4.500000000000000000e+02,3.480693025943979151e-03
-4.490000000000000000e+02,5.764989915390748322e-03
-4.480000000000000000e+02,3.488183886868416114e-03
-4.470000000000000000e+02,5.768928320966453492e-03
-4.460000000000000000e+02,3.495902086501860313e-03
-4.450000000000000000e+02,5.772746198999710414e-03
-4.440000000000000000e+02,3.503924693518080478e-03
-4.430000000000000000e+02,5.776943956696855079e-03
-4.420000000000000000e+02,3.512341788920992323e-03
-4.410000000000000000e+02,5.781131861241584242e-03
-4.400000000000000000e+02,3.520945873569922713e-03
-4.390000000000000000e+02,5.785562201687751739e-03
-4.380000000000000000e+02,3.529153065914748637e-03
-4.370000000000000000e+02,5.790550605003350580e-03
-4.360000000000000000e+02,3.538433106673775832e-03
-4.350000000000000000e+02,5.794858723195512110e-03
-4.340000000000000000e+02,3.547691830352593927e-03
-4.330000000000000000e+02,5.800361832435475123e-03
-4.320000000000000000e+02,3.557245112133744242e-03
-4.310000000000000000e+02,5.804344754832671538e-03
-4.300000000000000000e+02,3.567543293285339000e-03
-4.290000000000000000e+02,5.810034622259649568e-03
-4.280000000000000000e+02,3.576798614563407933e-03
-4.270000000000000000e+02,5.816504984424050208e-03
-4.260000000000000000e+02,3.587217722137693576e-03
-4.250000000000000000e+02,5.821433077870997834e-03
-4.240000000000000000e+02,3.598185100611633446e-03
-4.230000000000000000e+02,5.826465698589471283e-03
-4.220000000000000000e+02,3.609526694676169507e-03
-4.210000000000000000e+02,5.833574104171330640e-03
-4.200000000000000000e+02,3.621007375543371879e-03
-4.190000000000000000e+02,5.840186465500238865e-03
-4.180000000000000000e+02,3.630810260575060167e-03
-4.170000000000000000e+02,5.846061807178391453e-03
-4.160000000000000000e+02,3.643492134275605736e-03
-4.150000000000000000e+02,5.853131820655735340e-03
-4.140000000000000000e+02,3.657027987047037614e-03
-4.130000000000000000e+02,5.859079946444446796e-03
-4.120000000000000000e+02,3.667257907257741312e-03
-4.110000000000000000e+02,5.867920480465011954e-03
-4.100000000000000000e+02,3.680410570672122683e-03
-4.090000000000000000e+02,5.873656793362637407e-03
-4.080000000000000000e+02,3.693247001814250769e-03
-4.070000000000000000e+02,5.880216174048963351e-03
-4.060000000000000000e+02,3.706132394538149983e-03
-4.050000000000000000e+02,5.892563020181706968e-03
-4.040000000000000000e+02,3.717643663656578553e-03
-4.030000000000000000e+02,5.899583956046267237e-03
-4.020000000000000000e+02,3.736118327779044436e-03
-4.010000000000000000e+02,5.905445422862202337e-03
-4.000000000000000000e+02,3.749459306357150710e-03
-3.990000000000000000e+02,5.917892774516796302e-03
-3.980000000000000000e+02,3.765290963807327914e-03
-3.970000000000000000e+02,5.923924419421306396e-03
-3.960000000000000000e+02,3.775419159149849893e-03
-3.950000000000000000e+02,5.937794494880306584e-03
-3.940000000000000000e+02,3.796966939910116894e-03
-3.930000000000000000e+02,5.941545649176150669e-03
-3.920000000000000000e+02,3.809801085724089098e-03
-3.910000000000000000e+02,5.954285769134906071e-03
-3.900000000000000000e+02,3.823539661361932598e-03
-3.890000000000000000e+02,5.966805017192564585e-03
-3.880000000000000000e+02,3.848595169215342053e-03
-3.870000000000000000e+02,5.975702633838765598e-03
-3.860000000000000000e+02,3.863151770265086955e-03
-3.850000000000000000e+02,5.987392293910765752e-03
-3.840000000000000000e+02,3.872206215682334838e-03
-3.830000000000000000e+02,5.989289423137288300e-03
-3.820000000000000000e+02,3.902815383136500841e-03
-3.810000000000000000e+02,6.014053446154258610e-03
-3.800000000000000000e+02,3.915790735026569713e-03
-3.790000000000000000e+02,6.019228500682972244e-03
-3.780000000000000000e+02,3.930172127443836740e-03
-3.770000000000000000e+02,6.048267545955708126e-03
-3.760000000000000000e+02,3.958600157097397210e-03
-3.750000000000000000e+02,6.057164260935188685e-03
-3.740000000000000000e+02,3.980227842164957806e-03
-3.730000000000000000e+02,6.072253120417252237e-03
-3.720000000000000000e+02,4.015185303230051420e-03
-3.710000000000000000e+02,6.073739366346229268e-03
-3.700000000000000000e+02,4.009043835612139707e-03
-3.690000000000000000e+02,6.099274279515659765e-03
-3.680000000000000000e+02,4.045945934303413725e-03
-3.670000000000000000e+02,6.122052337580933916e-03
-3.660000000000000000e+02,4.069656077868456096e-03
-3.650000000000000000e+02,6.148572030871671257e-03
-3.640000000000000000e+02,4.104175261033125507e-03
-3.630000000000000000e+02,6.140585689166827392e-03
-3.620000000000000000e+02,4.121703859363320954e-03
-3.610000000000000000e+02,6.149580405828338793e-03
-3.600000000000000000e+02,4.151819817795001158e-03
-3.590000000000000000e+02,6.175818095925703598e-03
-3.580000000000000000e+02,4.190870728971162265e-03
-3.570000000000000000e+02,6.207508518257898872e-03
-3.560000000000000000e+02,4.198417442016066405e-03
-3.550000000000000000e+02,6.255251229851145796e-03
-3.540000000000000000e+02,4.225240641503501260e-03
-3.530000000000000000e+02,6.245989444311726702e-03
-3.520000000000000000e+02,4.265392492069154315e-03
-3.510000000000000000e+02,6.267811098338097082e-03
-3.500000000000000000e+02,4.299917990473306126e-03
-3.490000000000000000e+02,6.221902508004885195e-03
-3.480000000000000000e+02,4.364332043383084732e-03
-3.470000000000000000e+02,6.335094869792794528e-03
-3.460000000000000000e+02,4.373996455912584382e-03
-3.450000000000000000e+02,6.311720179818919134e-03
-3.440000000000000000e+02,4.446418801914340212e-03
-3.430000000000000000e+02,6.347641999273139282e-03
-3.420000000000000000e+02,4.475916051415020601e-03
-3.410000000000000000e+02,6.491759922848862156e-03
-3.400000000000000000e+02,4.580129040505466660e-03
-3.390000000000000000e+02,6.481535858420536117e-03
-3.380000000000000000e+02,4.568793107697213807e-03
-3.370000000000000000e+02,6.456527248990245188e-03
-3.360000000000000000e+02,4.551521061604273978e-03
-3.350000000000000000e+02,6.549383723168035638e-03
-3.340000000000000000e+02,4.690830684951006503e-03
-3.330000000000000000e+02,6.703634918220817938e-03
-3.320000000000000000e+02,4.865009993283659316e-03
-3.310000000000000000e+02,6.848738203717590588e-03
-3.300000000000000000e+02,4.794252754727393144e-03
-3.290000000000000000e+02,6.926461641479487660e-03
-3.280000000000000000e+02,4.917258047080165159e-03
-3.270000000000000000e+02,7.031328797833668806e-03
-3.260000000000000000e+02,5.077339600492608053e-03
-3.250000000000000000e+02,6.916464796826120483e-03
-3.240000000000000000e+02,5.286231709368140359e-03
-3.230000000000000000e+02,7.351277725501297738e-03
-3.220000000000000000e+02,5.738388854643677525e-03
-3.210000000000000000e+02,7.478871460435861963e-03
-3.200000000000000000e+02,5.331980186145206940e-03
-3.190000000000000000e+02,7.725278539869737809e-03
-3.180000000000000000e+02,6.037283517085740604e-03
-3.170000000000000000e+02,8.157380527702031911e-03
-3.160000000000000000e+02,6.189987081861175917e-03
-3.150000000000000000e+02,8.276654512734613056e-03
-3.140000000000000000e+02,6.091191983836003257e-03
-3.130000000000000000e+02,8.410171533995368029e-03
-3.120000000000000000e+02,7.280515534187927823e-03
-3.110000000000000000e+02,8.338605962214437270e-03
-3.100000000000000000e+02,7.447606635753533863e-03
-3.090000000000000000e+02,9.716432059917966962e-03
-3.080000000000000000e+02,7.059384572554516964e-03
-3.070000000000000000e+02,9.176158291398095121e-03
-3.060000000000000000e+02,7.760540478318033418e-03
-3.050000000000000000e+02,9.937631088937151635e-03
-3.040000000000000000e+02,8.425341187406572285e-03
-3.030000000000000000e+02,1.130350556407973446e-02
-3.020000000000000000e+02,9.096290903612351542e-03
-3.010000000000000000e+02,1.052977063146031712e-02
-3.000000000000000000e+02,8.707845311828516649e-03
-2.990000000000000000e+02,1.137597803662078987e-02
-2.980000000000000000e+02,1.067143788809403471e-02
-2.970000000000000000e+02,1.306664024824300344e-02
-2.960000000000000000e+02,9.865015690031819426e-03
-2.950000000000000000e+02,1.357917124543695474e-02
-2.940000000000000000e+02,1.055884923232166400e-02
-2.930000000000000000e+02,1.444081269608804736e-02
-2.920000000000000000e+02,1.287472046792260093e-02
-2.910000000000000000e+02,1.540090626944411699e-02
-2.900000000000000000e+02,1.345212207986412611e-02
-2.890000000000000000e+02,1.496850136833888061e-02
-2.880000000000000000e+02,1.207551584750305926e-02
-2.870000000000000000e+02,1.617064258637551655e-02
-2.860000000000000000e+02,1.577033232203600005e-02
-2.850000000000000000e+02,1.546231601100346749e-02
-2.840000000000000000e+02,1.600287420761408591e-02
-2.830000000000000000e+02,1.738306260896102171e-02
-2.820000000000000000e+02,1.471372265610755743e-02
-2.810000000000000000e+02,1.838957511836430622e-02
-2.800000000000000000e+02,1.610790928604497949e-02
-2.790000000000000000e+02,1.963489275078141028e-02
-2.780000000000000000e+02,1.987310997668246745e-02
-2.770000000000000000e+02,1.924362086089660001e-02
-2.760000000000000000e+02,2.262797165837918123e-02
-2.750000000000000000e+02,2.329034074171444646e-02
-2.740000000000000000e+02,2.421106660524043747e-02
-2.730000000000000000e+02,2.095371979878956487e-02
-2.720000000000000000e+02,2.387391219028874370e-02
-2.710000000000000000e+02,2.629608843533583901e-02
-2.700000000000000000e+02,2.575723803257382732e-02
-2.690000000000000000e+02,3.094090900351275514e-02
-2.680000000000000000e+02,2.944973151368509776e-02
-2.670000000000000000e+02,2.909067460187149401e-02
-2.660000000000000000e+02,2.849025735854088595e-02
-2.650000000000000000e+02,3.252829118353110088e-02
-2.640000000000000000e+02,3.643451616299214074e-02
-2.630000000000000000e+02,3.253235750333428877e-02
-2.620000000000000000e+02,3.168420239506148511e-02
-2.610000000000000000e+02,3.648079482648295541e-02
-2.600000000000000000e+02,3.515191144243648425e-02
-2.590000000000000000e+02,3.688487178190816285e-02
-2.580000000000000000e+02,3.054157627263821145e-02
-2.570000000000000000e+02,3.961872421764420227e-02
-2.560000000000000000e+02,3.817303935697018841e-02
-2.550000000000000000e+02,4.795893636401332011e-02
-2.540000000000000000e+02,3.850962384484021145e-02
-2.530000000000000000e+02,3.768452945661295017e-02
-2.520000000000000000e+02,4.381215076313978857e-02
-2.510000000000000000e+02,4.023172327738133713e-02
-2.500000000000000000e+02,3.966964096264289502e-02
-2.490000000000000000e+02,4.072894635416179909e-02
-2.480000000000000000e+02,4.575409214560081927e-02
-2.470000000000000000e+02,4.934821744848282704e-02
-2.460000000000000000e+02,4.458061025409051220e-02
-2.450000000000000000e+02,4.512076915118767850e-02
-2.440000000000000000e+02,5.379119827528631992e-02
-2.430000000000000000e+02,4.975847819016088885e-02
-2.420000000000000000e+02,4.937443883093696473e-02
-2.410000000000000000e+02,5.093718739739704071e-02
-2.400000000000000000e+02,5.024779835211707485e-02
-2.390000000000000000e+02,4.836690878271208277e-02
-2.380000000000000000e+02,4.896892379150349223e-02
-2.370000000000000000e+02,5.472862204200856784e-02
-2.360000000000000000e+02,4.542057902709230321e-02
-2.350000000000000000e+02,5.053935887701690305e-02
-2.340000000000000000e+02,5.264978211234817157e-02
-2.330000000000000000e+02,5.251611907116127825e-02
-2.320000000000000000e+02,5.375581082458056464e-02
-2.310000000000000000e+02,5.956453940243777723e-02
-2.300000000000000000e+02,6.144399154194876700e-02
-2.290000000000000000e+02,4.911153681022886741e-02
-2.280000000000000000e+02,5.896280509853658869e-02
-2.270000000000000000e+02,6.246698338910492559e-02
-2.260000000000000000e+02,5.413798979973003661e-02
-2.250000000000000000e+02,6.212300288108254381e-02
-2.240000000000000000e+02,6.099352154970061335e-02
-2.230000000000000000e+02,6.329130797904493344e-02
-2.220000000000000000e+02,6.220733939517302663e-02
-2.210000000000000000e+02,6.379230839152452703e-02
-2.200000000000000000e+02,4.813723402711662935e-02
-2.190000000000000000e+02,7.460481439553251493e-02
-2.180000000000000000e+02,6.282814391980165447e-02
-2.170000000000000000e+02,7.557832804186219444e-02
-2.160000000000000000e+02,7.302064073741226791e-02
-2.150000000000000000e+02,7.994797986182226868e-02
-2.140000000000000000e+02,7.835062285824614947e-02
-2.130000000000000000e+02,7.674134449155661786e-02
-2.120000000000000000e+02,8.015192186508636463e-02
-2.110000000000000000e+02,8.265833002642007654e-02
-2.100000000000000000e+02,8.532130774800006368e-02
-2.090000000000000000e+02,8.479864790139826636e-02
-2.080000000000000000e+02,7.894623250539065107e-02
-2.070000000000000000e+02,9.715910172244536513e-02
-2.060000000000000000e+02,8.430319563683531803e-02
-2.050000000000000000e+02,8.617714146430942301e-02
-2.040000000000000000e+02,8.194834657250400778e-02
-2.030000000000000000e+02,8.983797650417986447e-02
-2.020000000000000000e+02,7.815920483401926633e-02
-2.010000000000000000e+02,8.994397144843187253e-02
-2.000000000000000000e+02,8.380292737431992156e-02
-1.990000000000000000e+02,8.827440156861834919e-02
-1.980000000000000000e+02,1.044138551966134060e-01
-1.970000000000000000e+02,9.537428015722781982e-02
-1.960000000000000000e+02,1.065566044509411586e-01
-1.950000000000000000e+02,1.022981602595492978e-01
-1.940000000000000000e+02,1.022280487943060118e-01
-1.930000000000000000e+02,1.035768912096609040e-01
-1.920000000000000000e+02,1.066657194293317290e-01
-1.910000000000000000e+02,1.112627176460017769e-01
-1.900000000000000000e+02,1.014114525138195000e-01
-1.890000000000000000e+02,1.208805550745214730e-01
-1.880000000000000000e+02,1.022377303870709853e-01
-1.870000000000000000e+02,9.507679199654764379e-02
-1.860000000000000000e+02,1.196350958830409567e-01
-1.850000000000000000e+02,9.461584475176207376e-02
-1.840000000000000000e+02,1.058122020209690678e-01
-1.830000000000000000e+02,1.129905400073487332e-01
-1.820000000000000000e+02,1.248061629074251333e-01
-1.810000000000000000e+02,9.948081710057432581e-02
-1.800000000000000000e+02,1.045765601719586407e-01
-1.790000000000000000e+02,1.054054530008614876e-01
-1.780000000000000000e+02,1.176977598620247006e-01
-1.770000000000000000e+02,1.079591295542053631e-01
-1.760000000000000000e+02,9.178087817388949632e-02
-1.750000000000000000e+02,1.104057556213267205e-01
-1.740000000000000000e+02,1.048106828331588636e-01
-1.730000000000000000e+02,1.118274272862692376e-01
-1.720000000000000000e+02,1.067563903352524712e-01
-1.710000000000000000e+02,1.113731397180053734e-01
-1.700000000000000000e+02,1.073953262841089717e-01
-1.690000000000000000e+02,1.125174225091846170e-01
-1.680000000000000000e+02,1.102574852901502811e-01
-1.670000000000000000e+02,1.187796442195861168e-01
-1.660000000000000000e+02,1.112730266998648854e-01
-1.650000000000000000e+02,1.176613603207465331e-01
-1.640000000000000000e+02,1.197928345315846937e-01
-1.630000000000000000e+02,1.362349172672484288e-01
-1.620000000000000000e+02,1.320980945520066341e-01
-1.610000000000000000e+02,1.316091097250314257e-01
-1.600000000000000000e+02,1.483710795399230398e-01
-1.590000000000000000e+02,1.420941879301480248e-01
-1.580000000000000000e+02,1.543507722247102754e-01
-1.570000000000000000e+02,1.656243987792680172e-01
-1.560000000000000000e+02,1.683649507794416356e-01
-1.550000000000000000e+02,1.534067777094453855e-01
-1.540000000000000000e+02,1.568964857441408622e-01
-1.530000000000000000e+02,1.838382957095645587e-01
-1.520000000000000000e+02,1.616940629955331277e-01
-1.510000000000000000e+02,1.840746714837445952e-01
-1.500000000000000000e+02,2.014106593672257417e-01
-1.490000000000000000e+02,1.737394747500071446e-01
-1.480000000000000000e+02,2.214939348357764792e-01
-1.470000000000000000e+02,1.964464610621839413e-01
-1.460000000000000000e+02,1.999267954670734260e-01
-1.450000000000000000e+02,2.582146807738452954e-01
-1.440000000000000000e+02,2.578565458868400939e-01
-1.430000000000000000e+02,2.515823298350802761e-01
-1.420000000000000000e+02,2.370365266386614267e-01
-1.410000000000000000e+02,2.464330050568887820e-01
-1.400000000000000000e+02,2.162277925966609171e-01
-1.390000000000000000e+02,2.830724538362466292e-01
-1.380000000000000000e+02,2.693294991386228632e-01
-1.370000000000000000e+02,2.906968208854924240e-01
-1.360000000000000000e+02,2.867472964254156320e-01
-1.350000000000000000e+02,2.781788577772065785e-01
-1.340000000000000000e+02,2.781091663008688486e-01
-1.330000000000000000e+02,2.760923812181666492e-01
-1.320000000000000000e+02,2.884206489233765436e-01
-1.310000000000000000e+02,2.835785995771373247e-01
-1.300000000000000000e+02,3.156453388647064151e-01
-1.290000000000000000e+02,2.855341749028308951e-01
-1.280000000000000000e+02,3.161624969113464578e-01
-1.270000000000000000e+02,2.591194005255271771e-01
-1.260000000000000000e+02,3.168554649556414859e-01
-1.250000000000000000e+02,3.031112491454729385e-01
-1.240000000000000000e+02,2.754854178094891526e-01
-1.230000000000000000e+02,2.965243170462995015e-01
-1.220000000000000000e+02,3.002087355132878610e-01
-1.210000000000000000e+02,2.542630758384228362e-01
-1.200000000000000000e+02,3.245914485534296401e-01
-1.190000000000000000e+02,2.692703510464032335e-01
-1.180000000000000000e+02,3.022474855733801036e-01
-1.170000000000000000e+02,2.657136429709789915e-01
-1.160000000000000000e+02,3.323761387837256276e-01
-1.150000000000000000e+02,2.597937117863777789e-01
-1.140000000000000000e+02,3.171572125007833254e-01
-1.130000000000000000e+02,3.116025837058304382e-01
-1.120000000000000000e+02,3.045418342478370954e-01
-1.110000000000000000e+02,3.034473310247354227e-01
-1.100000000000000000e+02,3.547638551162718423e-01
-1.090000000000000000e+02,3.132451471610931959e-01
-1.080000000000000000e+02,3.937921120845292999e-01
-1.070000000000000000e+02,3.564318469731295180e-01
-1.060000000000000000e+02,4.140958522037803680e-01
-1.050000000000000000e+02,3.790581877683659728e-01
-1.040000000000000000e+02,4.895168803328133755e-01
-1.030000000000000000e+02,5.343839282447772066e-01
-1.020000000000000000e+02,5.405757015641782237e-01
-1.010000000000000000e+02,5.162911683015168895e-01
-1.000000000000000000e+02,5.738212632481647368e-01
-9.900000000000000000e+01,5.538919711326865114e-01
-9.800000000000000000e+01,7.086154490166685083e-01
-9.700000000000000000e+01,6.563713742392978112e-01
-9.600000000000000000e+01,7.413937987747365455e-01
-9.500000000000000000e+01,8.449108557473971048e-01
-9.400000000000000000e+01,1.026948796749546755e+00
-9.300000000000000000e+01,8.726558749145189031e-01
-9.200000000000000000e+01,8.994389885427280795e-01
-9.100000000000000000e+01,9.487344765575590477e-01
-9.000000000000000000e+01,1.139527547410366104e+00
-8.900000000000000000e+01,1.030643939476038273e+00
-8.800000000000000000e+01,1.273058919643608178e+00
-8.700000000000000000e+01,1.230641794717489690e+00
-8.600000000000000000e+01,1.333846196164173881e+00
-8.500000000000000000e+01,1.518037031247441604e+00
-8.400000000000000000e+01,1.370570961287398859e+00
-8.300000000000000000e+01,1.416303556032183941e+00
-8.200000000000000000e+01,1.658316981565162385e+00
-8.100000000000000000e+01,1.895182924320405249e+00
-8.000000000000000000e+01,1.681775300245467841e+00
-7.900000000000000000e+01,2.004066353677528944e+00
-7.800000000000000000e+01,1.981181684859050662e+00
-7.700000000000000000e+01,1.923888936452306853e+00
-7.600000000000000000e+01,2.216799632796868202e+00
-7.500000000000000000e+01,2.299788896274598482e+00
-7.400000000000000000e+01,2.119322870437239104e+00
-7.300000000000000000e+01,2.703066850603511373e+00
-7.200000000000000000e+01,2.480832506459791809e+00
-7.100000000000000000e+01,2.089243671056681961e+00
-7.000000000000000000e+01,2.783660237721124808e+00
-6.900000000000000000e+01,2.906591859698018254e+00
-6.800000000000000000e+01,2.851653332919732886e+00
-6.700000000000000000e+01,2.638007856634561499e+00
-6.600000000000000000e+01,2.772038578130268771e+00
-6.500000000000000000e+01,3.056723316338588070e+00
-6.400000000000000000e+01,3.184928626558741982e+00
-6.300000000000000000e+01,3.188730545037732789e+00
-6.200000000000000000e+01,3.604427540605786628e+00
-6.100000000000000000e+01,3.641130509533565540e+00
-6.000000000000000000e+01,3.633698954387682090e+00
-5.900000000000000000e+01,3.631258759278442660e+00
-5.800000000000000000e+01,3.897292859481613636e+00
-5.700000000000000000e+01,3.902549871441889362e+00
-5.600000000000000000e+01,3.691754347982620033e+00
-5.500000000000000000e+01,4.696545416777137660e+00
-5.400000000000000000e+01,3.804739440973653242e+00
-5.300000000000000000e+01,4.221377361907680204e+00
-5.200000000000000000e+01,4.084628845587621626e+00
-5.100000000000000000e+01,4.367134952626774869e+00
-5.000000000000000000e+01,4.103773714736861145e+00
-4.900000000000000000e+01,4.992301174888299720e+00
-4.800000000000000000e+01,3.661543440420458317e+00
-4.700000000000000000e+01,4.778258502688362164e+00
-4.600000000000000000e+01,4.180592526032587131e+00
-4.500000000000000000e+01,5.932558516156428929e+00
-4.400000000000000000e+01,5.455198340512812827e+00
-4.300000000000000000e+01,5.029611821324384557e+00
-4.200000000000000000e+01,5.333964635315859404e+00
-4.100000000000000000e+01,5.768914202912105438e+00
-4.000000000000000000e+01,5.752115473926713740e+00
-3.900000000000000000e+01,5.576421384609580478e+00
-3.800000000000000000e+01,5.050986674159158696e+00
-3.700000000000000000e+01,5.710293934095986401e+00
-3.600000000000000000e+01,6.137861555309077843e+00
-3.500000000000000000e+01,5.794341401865896302e+00
-3.400000000000000000e+01,5.444578439184695640e+00
-3.300000000000000000e+01,5.397565675752058034e+00
-3.200000000000000000e+01,5.903677028642735358e+00
-3.100000000000000000e+01,6.602871715476722692e+00
-3.000000000000000000e+01,5.522110077096314740e+00
-2.900000000000000000e+01,6.086735450054128194e+00
-2.800000000000000000e+01,6.338952838830830494e+00
-2.700000000000000000e+01,6.887300914485102510e+00
-2.600000000000000000e+01,5.949878837896458883e+00
-2.500000000000000000e+01,6.490119609783848276e+00
-2.400000000000000000e+01,8.537559496143083848e+00
-2.300000000000000000e+01,7.014956446404880808e+00
-2.200000000000000000e+01,7.131223488588320336e+00
-2.100000000000000000e+01,6.733565624038642561e+00
-2.000000000000000000e+01,7.880737346624245632e+00
-1.900000000000000000e+01,6.980667005613280907e+00
-1.800000000000000000e+01,8.415147218364330328e+00
-1.700000000000000000e+01,8.209968803503180368e+00
-1.600000000000000000e+01,7.213376475817493194e+00
-1.500000000000000000e+01,7.085159181330884515e+00
-1.400000000000000000e+01,8.867299677203504871e+00
-1.300000000000000000e+01,9.491251507807385579e+00
-1.200000000000000000e+01,9.315891315692795160e+00
-1.100000000000000000e+01,9.898593072772827739e+00
-1.000000000000000000e+01,1.134966892351565804e+01
-9.000000000000000000e+00,1.525745297667444689e+01
-8.000000000000000000e+00,1.655087785964666480e+01
-7.000000000000000000e+00,2.234229965930055428e+01
-6.000000000000000000e+00,2.853724950255104531e+01
-5.000000000000000000e+00,4.573996344102395994e+01
-4.000000000000000000e+00,4.973221325133214066e+01
-3.000000000000000000e+00,7.770347118373263129e+01
-2.000000000000000000e+00,6.005168504573577337e+01
-1.000000000000000000e+00,2.176567031784493622e+00
0.000000000000000000e+00,1.991807003544169952e+00
1.000000000000000000e+00,3.629069290573059270e+00
2.000000000000000000e+00,6.373530499863110776e+01
3.000000000000000000e+00,7.593996465931410000e+01
4.000000000000000000e+00,4.924680856131697482e+01
5.000000000000000000e+00,4.503240378455883075e+01
6.000000000000000000e+00,2.779706117919983299e+01
7.000000000000000000e+00,2.208990712838880199e+01
8.000000000000000000e+00,1.631720951533414521e+01
9.000000000000000000e+00,1.517556616780923484e+01
1.000000000000000000e+01,1.110573462161235270e+01
1.100000000000000000e+01,9.921524363586465611e+00
1.200000000000000000e+01,9.252284783543716529e+00
1.300000000000000000e+01,9.547146193002696180e+00
1.400000000000000000e+01,8.730253939431642962e+00
1.500000000000000000e+01,7.062558691454882798e+00
1.600000000000000000e+01,7.233647137561143303e+00
1.700000000000000000e+01,8.298246660627153659e+00
1.800000000000000000e+01,8.314156740460036943e+00
1.900000000000000000e+01,6.999347678187487709e+00
2.000000000000000000e+01,7.872129261070806017e+00
2.100000000000000000e+01,6.693144283382086002e+00
2.200000000000000000e+01,7.155080613870409501e+00
2.300000000000000000e+01,7.047262215594896517e+00
2.400000000000000000e+01,8.574846993443255627e+00
2.500000000000000000e+01,6.302974347247553233e+00
2.600000000000000000e+01,6.068959231877260940e+00
2.700000000000000000e+01,6.835009594683461032e+00
2.800000000000000000e+01,6.362009999525483295e+00
2.900000000000000000e+01,6.008446651569673058e+00
3.000000000000000000e+01,5.583411380253179068e+00
3.100000000000000000e+01,6.602638231191137130e+00
3.200000000000000000e+01,5.861565579265255899e+00
3.300000000000000000e+01,5.376389080178099356e+00
3.400000000000000000e+01,5.474617438197165953e+00
3.500000000000000000e+01,5.799502896055091838e+00
3.600000000000000000e+01,6.164558785659941975e+00
3.700000000000000000e+01,5.632849730726355197e+00
3.800000000000000000e+01,5.080694135698680114e+00
3.900000000000000000e+01,5.578944575574338316e+00
4.000000000000000000e+01,5.782460603901028229e+00
4.100000000000000000e+01,5.726499738994119681e+00
4.200000000000000000e+01,5.340778041532483478e+00
4.300000000000000000e+01,4.986008964381909436e+00
4.400000000000000000e+01,5.560324912443974199e+00
4.500000000000000000e+01,5.819498083123010979e+00
4.600000000000000000e+01,4.190691257640120071e+00
4.700000000000000000e+01,4.737682556131793454e+00
4.800000000000000000e+01,3.678145627553492503e+00
4.900000000000000000e+01,5.023574588914685002e+00
5.000000000000000000e+01,4.051723314455276004e+00
5.100000000000000000e+01,4.395875708295377216e+00
5.200000000000000000e+01,4.062840316995070644e+00
5.300000000000000000e+01,4.219686372191596035e+00
5.400000000000000000e+01,3.812335829378926455e+00
5.500000000000000000e+01,4.720615477555075046e+00
5.600000000000000000e+01,3.616135829477365338e+00
5.700000000000000000e+01,3.967264755685787847e+00
5.800000000000000000e+01,3.841104991295638538e+00
5.900000000000000000e+01,3.658985664233361579e+00
6.000000000000000000e+01,3.604878261245099136e+00
6.100000000000000000e+01,3.670785790303476404e+00
6.200000000000000000e+01,3.563527251010284225e+00
6.300000000000000000e+01,3.194577045851877184e+00
6.400000000000000000e+01,3.170005567152540671e+00
6.500000000000000000e+01,3.057424006571488384e+00
6.600000000000000000e+01,2.741073840555384944e+00
6.700000000000000000e+01,2.658622122776045149e+00
6.800000000000000000e+01,2.847248112508698359e+00
6.900000000000000000e+01,2.921230658564030414e+00
7.000000000000000000e+01,2.741754492334237625e+00
7.100000000000000000e+01,2.079193258543351241e+00
7.200000000000000000e+01,2.518978132885111965e+00
7.300000000000000000e+01,2.678762727551692091e+00
7.400000000000000000e+01,2.101995841689961786e+00
7.500000000000000000e+01,2.319903154613387031e+00
7.600000000000000000e+01,2.190244416142125061e+00
7.700000000000000000e+01,1.922745195330205714e+00
7.800000000000000000e+01,1.986408313665360081e+00
7.900000000000000000e+01,1.992895796199713798e+00
8.000000000000000000e+01,1.673433988191099564e+00
8.100000000000000000e+01,1.909669134802834733e+00
8.200000000000000000e+01,1.626044513116665202e+00
8.300000000000000000e+01,1.420190467372099308e+00
8.400000000000000000e+01,1.364769575791647149e+00
8.500000000000000000e+01,1.531838230032458004e+00
8.600000000000000000e+01,1.304771594879341690e+00
8.700000000000000000e+01,1.250043582174966028e+00
8.800000000000000000e+01,1.249378627363822547e+00
8.900000000000000000e+01,1.039709486279784878e+00
9.000000000000000000e+01,1.129437420687697591e+00
9.100000000000000000e+01,9.470004000037369751e-01
9.200000000000000000e+01,8.898671589108838598e-01
9.300000000000000000e+01,8.859056220320898900e-01
9.400000000000000000e+01,1.020546122143460632e+00
9.500000000000000000e+01,8.390635641446650972e-01
9.600000000000000000e+01,7.310087233429575226e-01
9.700000000000000000e+01,6.622779100161626520e-01
9.800000000000000000e+01,7.006436730738916374e-01
9.900000000000000000e+01,5.524878784111133534e-01
1.000000000000000000e+02,5.711666850511318838e-01
1.010000000000000000e+02,5.170419285559587630e-01
1.020000000000000000e+02,5.392819953780164655e-01
1.030000000000000000e+02,5.366144218715613867e-01
1.040000000000000000e+02,4.795471368073415674e-01
1.050000000000000000e+02,3.814521481666489633e-01
1.060000000000000000e+02,4.101167455628040859e-01
1.070000000000000000e+02,3.590811211954739179e-01
1.080000000000000000e+02,3.897938924855899323e-01
1.090000000000000000e+02,3.138377348526055766e-01
1.100000000000000000e+02,3.537385773950108558e-01
1.110000000000000000e+02,3.024234148831211888e-01
1.120000000000000000e+02,3.035077263086340404e-01
1.130000000000000000e+02,3.150082157713549047e-01
1.140000000000000000e+02,3.115601372691822468e-01
1.150000000000000000e+02,2.637565066980139816e-01
1.160000000000000000e+02,3.305920189749676497e-01
1.170000000000000000e+02,2.656646191889850406e-01
1.180000000000000000e+02,3.016085540117047215e-01
1.190000000000000000e+02,2.708443888714658354e-01
1.200000000000000000e+02,3.240089858319273874e-01
1.210000000000000000e+02,2.521247465937757615e-01
1.220000000000000000e+02,3.038444249997150903e-01
1.230000000000000000e+02,2.939295201563083548e-01
1.240000000000000000e+02,2.757866093111796535e-01
1.250000000000000000e+02,3.060831289468253225e-01
1.260000000000000000e+02,3.133624576902368508e-01
1.270000000000000000e+02,2.600439771070007233e-01
1.280000000000000000e+02,3.174162234142021144e-01
1.290000000000000000e+02,2.844195989339648456e-01
1.300000000000000000e+02,3.171100213391636058e-01
1.310000000000000000e+02,2.808588434805521228e-01
1.320000000000000000e+02,2.901269760715164403e-01
1.330000000000000000e+02,2.739769581911654650e-01
1.340000000000000000e+02,2.798930651592129171e-01
1.350000000000000000e+02,2.767192881876880950e-01
1.360000000000000000e+02,2.891315790607915659e-01
1.370000000000000000e+02,2.880526601406419585e-01
1.380000000000000000e+02,2.711027481096651148e-01
1.390000000000000000e+02,2.801678250469702425e-01
1.400000000000000000e+02,2.149899395292533266e-01
1.410000000000000000e+02,2.483177968913114764e-01
1.420000000000000000e+02,2.358009428346450886e-01
1.430000000000000000e+02,2.534554322509646185e-01
1.440000000000000000e+02,2.573093320001245687e-01
1.450000000000000000e+02,2.574761095491281404e-01
1.460000000000000000e+02,1.956857493264106129e-01
1.470000000000000000e+02,2.001778989644169005e-01
1.480000000000000000e+02,2.187604306926913544e-01
1.490000000000000000e+02,1.736600730639836776e-01
1.500000000000000000e+02,2.025221060547207352e-01
1.510000000000000000e+02,1.816741748408633172e-01
1.520000000000000000e+02,1.623535482684143882e-01
1.530000000000000000e+02,1.841622770378790186e-01
1.540000000000000000e+02,1.546830704550467839e-01
1.550000000000000000e+02,1.550593794790187385e-01
1.560000000000000000e+02,1.680029864842001175e-01
1.570000000000000000e+02,1.658275986751944764e-01
1.580000000000000000e+02,1.527845718824339394e-01
1.590000000000000000e+02,1.427179938210269561e-01
1.600000000000000000e+02,1.477061360752664476e-01
1.610000000000000000e+02,1.310241466635822805e-01
1.620000000000000000e+02,1.325708483650110681e-01
1.630000000000000000e+02,1.357902573562547177e-01
1.640000000000000000e+02,1.189926578642317850e-01
1.650000000000000000e+02,1.177185743369031090e-01
1.660000000000000000e+02,1.110278534738042000e-01
1.670000000000000000e+02,1.192052743744630300e-01
1.680000000000000000e+02,1.094860455188351595e-01
1.690000000000000000e+02,1.130315880320525435e-01
1.700000000000000000e+02,1.067808470675947335e-01
1.710000000000000000e+02,1.119461904388669438e-01
1.720000000000000000e+02,1.061786405853386572e-01
1.730000000000000000e+02,1.123909600335357556e-01
1.740000000000000000e+02,1.041213613737535515e-01
1.750000000000000000e+02,1.108422606337952365e-01
1.760000000000000000e+02,9.031346712522204945e-02
1.770000000000000000e+02,1.106278725272913377e-01
1.780000000000000000e+02,1.159160448296082668e-01
1.790000000000000000e+02,1.063452016217610457e-01
1.800000000000000000e+02,1.030141192543868600e-01
1.810000000000000000e+02,1.013829699511166749e-01
1.820000000000000000e+02,1.244927502883459297e-01
1.830000000000000000e+02,1.128940013531880976e-01
1.840000000000000000e+02,1.044521648858273977e-01
1.850000000000000000e+02,9.581823022441605942e-02
1.860000000000000000e+02,1.196315109911346430e-01
1.870000000000000000e+02,9.368254264029511613e-02
1.880000000000000000e+02,1.041315526013253390e-01
1.890000000000000000e+02,1.203152879833209593e-01
1.900000000000000000e+02,1.008868200825819988e-01
1.910000000000000000e+02,1.120797739482189553e-01
1.920000000000000000e+02,1.057071563452914309e-01
1.930000000000000000e+02,1.040931365416475074e-01
1.940000000000000000e+02,1.015517821559551309e-01
1.950000000000000000e+02,1.031316379402936328e-01
1.960000000000000000e+02,1.057514371296180838e-01
1.970000000000000000e+02,9.562131058204065281e-02
1.980000000000000000e+02,1.043636497527682672e-01
1.990000000000000000e+02,8.705308266945821494e-02
2.000000000000000000e+02,8.456721793252425234e-02
2.010000000000000000e+02,8.928977424381739914e-02
2.020000000000000000e+02,7.834973066807728037e-02
2.030000000000000000e+02,9.004823921309708379e-02
2.040000000000000000e+02,8.161950651622849884e-02
2.050000000000000000e+02,8.637039347236764864e-02
2.060000000000000000e+02,8.461156506141083444e-02
2.070000000000000000e+02,9.726256683762775357e-02
2.080000000000000000e+02,7.786056965006395159e-02
2.090000000000000000e+02,8.587395023468855082e-02
2.100000000000000000e+02,8.455134125751972984e-02
2.110000000000000000e+02,8.302225687974625068e-02
2.120000000000000000e+02,7.957277590522866817e-02
2.130000000000000000e+02,7.691621205766285829e-02
2.140000000000000000e+02,7.844574058738140732e-02
2.150000000000000000e+02,7.970587380976167091e-02
2.160000000000000000e+02,7.300730196226663804e-02
2.170000000000000000e+02,7.512538035134339043e-02
2.180000000000000000e+02,6.290521907441111449e-02
2.190000000000000000e+02,7.439056371975684423e-02
2.200000000000000000e+02,4.700149640649178145e-02
2.210000000000000000e+02,6.544186832463565195e-02
2.220000000000000000e+02,6.104752977611374587e-02
2.230000000000000000e+02,6.418663614815292573e-02
2.240000000000000000e+02,6.017080273905351523e-02
2.250000000000000000e+02,6.265898417284962441e-02
2.260000000000000000e+02,5.324961000841806763e-02
2.270000000000000000e+02,6.380761271789234246e-02
2.280000000000000000e+02,5.729127150245243161e-02
2.290000000000000000e+02,5.010731387869281350e-02
2.300000000000000000e+02,6.132046081512208813e-02
2.310000000000000000e+02,5.964327736651525713e-02
2.320000000000000000e+02,5.310201459431607846e-02
2.330000000000000000e+02,5.296373940890269222e-02
2.340000000000000000e+02,5.223668892031097660e-02
2.350000000000000000e+02,5.057402908179137180e-02
2.360000000000000000e+02,4.520722136595840823e-02
2.370000000000000000e+02,5.545164578627351237e-02
2.380000000000000000e+02,4.798393066275635083e-02
2.390000000000000000e+02,4.915174572121883828e-02
2.400000000000000000e+02,4.969661303952802034e-02
2.410000000000000000e+02,5.151884179492571131e-02
2.420000000000000000e+02,4.866511275232587863e-02
2.430000000000000000e+02,5.058824541654232537e-02
2.440000000000000000e+02,5.313028290707224460e-02
2.450000000000000000e+02,4.509722425474185087e-02
2.460000000000000000e+02,4.451068040284304750e-02
2.470000000000000000e+02,4.977628159044279049e-02
2.480000000000000000e+02,4.500879004303196679e-02
2.490000000000000000e+02,4.095138140537480514e-02
2.500000000000000000e+02,3.929343160156939518e-02
2.510000000000000000e+02,4.073402084957979813e-02
2.520000000000000000e+02,4.352017053782085421e-02
2.530000000000000000e+02,3.745413683731040749e-02
2.540000000000000000e+02,3.899828724574224553e-02
2.550000000000000000e+02,4.798525281037101936e-02
2.560000000000000000e+02,3.766210585297551094e-02
2.570000000000000000e+02,3.972188579947631693e-02
2.580000000000000000e+02,3.000763140613302293e-02
2.590000000000000000e+02,3.762361001725958443e-02
2.600000000000000000e+02,3.455315712070299722e-02
2.610000000000000000e+02,3.695095976712505642e-02
2.620000000000000000e+02,3.091412417273171551e-02
2.630000000000000000e+02,3.332890461666900700e-02
2.640000000000000000e+02,3.596834509643146577e-02
2.650000000000000000e+02,3.260718852909236937e-02
2.660000000000000000e+02,2.804535561789725517e-02
2.670000000000000000e+02,2.949503473583675942e-02
2.680000000000000000e+02,2.918598257437338139e-02
2.690000000000000000e+02,3.117897400993002374e-02
2.700000000000000000e+02,2.516682874537469819e-02
2.710000000000000000e+02,2.677372835814030919e-02
2.720000000000000000e+02,2.316861703428537908e-02
2.730000000000000000e+02,2.142943245215761516e-02
2.740000000000000000e+02,2.395224988156379256e-02
2.750000000000000000e+02,2.353214117147235662e-02
2.760000000000000000e+02,2.223466660107708756e-02
2.770000000000000000e+02,1.935008444545057577e-02
2.780000000000000000e+02,1.979538715488936632e-02
2.790000000000000000e+02,1.959606315781721106e-02
2.800000000000000000e+02,1.595231649487806672e-02
2.810000000000000000e+02,1.853816386807669719e-02
2.820000000000000000e+02,1.442532350699765598e-02
2.830000000000000000e+02,1.773852653307232338e-02
2.840000000000000000e+02,1.563621583621725361e-02
2.850000000000000000e+02,1.569401378724961590e-02
2.860000000000000000e+02,1.564695878940057169e-02
2.870000000000000000e+02,1.617303149790814618e-02
2.880000000000000000e+02,1.187270309602110607e-02
2.890000000000000000e+02,1.522945100506816266e-02
2.900000000000000000e+02,1.325546552195894755e-02
2.910000000000000000e+02,1.557933474339940651e-02
2.920000000000000000e+02,1.266069578896747427e-02
2.930000000000000000e+02,1.455172470107975354e-02
2.940000000000000000e+02,1.033126024052030516e-02
2.950000000000000000e+02,1.380289173615196173e-02
2.960000000000000000e+02,9.564599499390782217e-03
2.970000000000000000e+02,1.341487589198293862e-02
2.980000000000000000e+02,1.030420073322607655e-02
2.990000000000000000e+02,1.160216094198240552e-02
3.000000000000000000e+02,8.407030168425705038e-03
3.010000000000000000e+02,1.081477996820360415e-02
3.020000000000000000e+02,8.867138081261776925e-03
3.030000000000000000e+02,1.154061633639510455e-02
3.040000000000000000e+02,8.108786022616056369e-03
3.050000000000000000e+02,1.019554502299718605e-02
3.060000000000000000e+02,7.472488776385784008e-03
3.070000000000000000e+02,9.408407885554866124e-03
3.080000000000000000e+02,6.820750684880127861e-03
3.090000000000000000e+02,1.001156044890451000e-02
3.100000000000000000e+02,7.109747096296808663e-03
3.110000000000000000e+02,8.605286726904684200e-03
3.120000000000000000e+02,7.052848331919146264e-03
3.130000000000000000e+02,8.582064626511639802e-03
3.140000000000000000e+02,5.874770900158575795e-03
3.150000000000000000e+02,8.507459641556382873e-03
3.160000000000000000e+02,5.953883190061648803e-03
3.170000000000000000e+02,8.387159658326107103e-03
3.180000000000000000e+02,5.792707320386240345e-03
3.190000000000000000e+02,7.933202411233554463e-03
3.200000000000000000e+02,5.088182907094927938e-03
3.210000000000000000e+02,7.736731820933817616e-03
3.220000000000000000e+02,5.496406272700911887e-03
3.230000000000000000e+02,7.566408669789082865e-03
3.240000000000000000e+02,5.048426228759011689e-03
3.250000000000000000e+02,7.128906308861170972e-03
3.260000000000000000e+02,4.870351105954289807e-03
3.270000000000000000e+02,7.236440442754044598e-03
3.280000000000000000e+02,4.701842865475099054e-03
3.290000000000000000e+02,7.137700132429793121e-03
3.300000000000000000e+02,4.574014735298936700e-03
3.310000000000000000e+02,7.071654850025310690e-03
3.320000000000000000e+02,4.641652578186657857e-03
3.330000000000000000e+02,6.913888109431908825e-03
3.340000000000000000e+02,4.473436785109497285e-03
3.350000000000000000e+02,6.756431253317924171e-03
3.360000000000000000e+02,4.338939001570480715e-03
3.370000000000000000e+02,6.665403430913189979e-03
3.380000000000000000e+02,4.364288913489377912e-03
3.390000000000000000e+02,6.684432906189878912e-03
3.400000000000000000e+02,4.380578206340812047e-03
3.410000000000000000e+02,6.687306096911139336e-03
3.420000000000000000e+02,4.272946287323879655e-03
3.430000000000000000e+02,6.543722968831956581e-03
3.440000000000000000e+02,4.252307054558242781e-03
3.450000000000000000e+02,6.499112198726128900e-03
3.460000000000000000e+02,4.187256464687696619e-03
3.470000000000000000e+02,6.522062648613170463e-03
3.480000000000000000e+02,4.175050491779229780e-03
3.490000000000000000e+02,6.402020742268125890e-03
3.500000000000000000e+02,4.123127315676776254e-03
3.510000000000000000e+02,6.443387375491467853e-03
3.520000000000000000e+02,4.089117765668441595e-03
3.530000000000000000e+02,6.419153633761946927e-03
3.540000000000000000e+02,4.052194700408360065e-03
3.550000000000000000e+02,6.427710011783814049e-03
3.560000000000000000e+02,4.023763219323421049e-03
3.570000000000000000e+02,6.379713197555178343e-03
3.580000000000000000e+02,4.019336143449208330e-03
3.590000000000000000e+02,6.343248385485606225e-03
3.600000000000000000e+02,3.984367045856703794e-03
3.610000000000000000e+02,6.313587943330857717e-03
3.620000000000000000e+02,3.958361005621799551e-03
3.630000000000000000e+02,6.301458797213032800e-03
3.640000000000000000e+02,3.944739262675057111e-03
3.650000000000000000e+02,6.306108828135036613e-03
3.660000000000000000e+02,3.911055667999094494e-03
3.670000000000000000e+02,6.278288619551727553e-03
3.680000000000000000e+02,3.889571934090128684e-03
3.690000000000000000e+02,6.252769446224323152e-03
3.700000000000000000e+02,3.854592276181620977e-03
3.710000000000000000e+02,6.226474035891845990e-03
3.720000000000000000e+02,3.864562741362923947e-03
3.730000000000000000e+02,6.219991995944742710e-03
3.740000000000000000e+02,3.832307369623153340e-03
3.750000000000000000e+02,6.202857807956185451e-03
3.760000000000000000e+02,3.813240839719652178e-03
3.770000000000000000e+02,6.191593011915636456e-03
3.780000000000000000e+02,3.785992996228390323e-03
3.790000000000000000e+02,6.160999859564657635e-03
3.800000000000000000e+02,3.774850497723798975e-03
3.810000000000000000e+02,6.153280953446724037e-03
3.820000000000000000e+02,3.763857999937503685e-03
3.830000000000000000e+02,6.124971772760737232e-03
3.840000000000000000e+02,3.736976084895284739e-03
3.850000000000000000e+02,6.121305506728275288e-03
3.860000000000000000e+02,3.729779938828175698e-03
3.870000000000000000e+02,6.106990406902213821e-03
3.880000000000000000e+02,3.718037747451019039e-03
3.890000000000000000e+02,6.095079580543998066e-03
3.900000000000000000e+02,3.695254170390991060e-03
3.910000000000000000e+02,6.080782109583136689e-03
3.920000000000000000e+02,3.683713916541138476e-03
3.930000000000000000e+02,6.065579814098317167e-03
3.940000000000000000e+02,3.673848887810355571e-03
3.950000000000000000e+02,6.058990697257346687e-03
3.960000000000000000e+02,3.654178857234784139e-03
3.970000000000000000e+02,6.043395332031436216e-03
3.980000000000000000e+02,3.646613579010892121e-03
3.990000000000000000e+02,6.034744171629401535e-03
4.000000000000000000e+02,3.632931441490915275e-03
4.010000000000000000e+02,6.019991555695703572e-03
4.020000000000000000e+02,3.622335266447323805e-03
4.030000000000000000e+02,6.011451248142302833e-03
4.040000000000000000e+02,3.606088346666705240e-03
4.050000000000000000e+02,6.002622135931914155e-03
4.060000000000000000e+02,3.596436964366235469e-03
4.070000000000000000e+02,5.987993598051083097e-03
4.080000000000000000e+02,3.586144934522843102e-03
4.090000000000000000e+02,5.979009271521552177e-03
4.100000000000000000e+02,3.575682648563144328e-03
4.110000000000000000e+02,5.971005287297619438e-03
4.120000000000000000e+02,3.564609781093795379e-03
4.130000000000000000e+02,5.960053829301328876e-03
4.140000000000000000e+02,3.556786665165362609e-03
4.150000000000000000e+02,5.951637567971337570e-03
4.160000000000000000e+02,3.545516861046425858e-03
4.170000000000000000e+02,5.942363126747553410e-03
4.180000000000000000e+02,3.535054931653244716e-03
4.190000000000000000e+02,5.934431549777944952e-03
4.200000000000000000e+02,3.527387729103956780e-03
4.210000000000000000e+02,5.925557440449823014e-03
4.220000000000000000e+02,3.518123642806402895e-03
4.230000000000000000e+02,5.916207410922177945e-03
4.240000000000000000e+02,3.509100005760779246e-03
4.250000000000000000e+02,5.908962955196932210e-03
4.260000000000000000e+02,3.500301768563102416e-03
4.270000000000000000e+02,5.901937229460615768e-03
4.280000000000000000e+02,3.491916817337296659e-03
4.290000000000000000e+02,5.893400670951218223e-03
4.300000000000000000e+02,3.484848006803362586e-03
4.310000000000000000e+02,5.885467338355541631e-03
4.320000000000000000e+02,3.476803033394757110e-03
4.330000000000000000e+02,5.879365696740471853e-03
4.340000000000000000e+02,3.469296158160575100e-03
4.350000000000000000e+02,5.871770834045495976e-03
4.360000000000000000e+02,3.462194763212566098e-03
4.370000000000000000e+02,5.865355143430077758e-03
4.380000000000000000e+02,3.454967940095454802e-03
4.390000000000000000e+02,5.858329837497433176e-03
4.400000000000000000e+02,3.448871354570678862e-03
4.410000000000000000e+02,5.851774080522175424e-03
4.420000000000000000e+02,3.442383049642949722e-03
4.430000000000000000e+02,5.845497513387189377e-03
4.440000000000000000e+02,3.436046507354691137e-03
4.450000000000000000e+02,5.839236465460993786e-03
4.460000000000000000e+02,3.430107554029702705e-03
4.470000000000000000e+02,5.833361255351799182e-03
4.480000000000000000e+02,3.424446322524919793e-03
4.490000000000000000e+02,5.827364410629426103e-03
4.500000000000000000e+02,3.419040704305343573e-03
4.510000000000000000e+02,5.821869951495861617e-03
4.520000000000000000e+02,3.413662116941610508e-03
4.530000000000000000e+02,5.816414228473221031e-03
4.540000000000000000e+02,3.408657233730800606e-03
4.550000000000000000e+02,5.810984703980753840e-03
4.560000000000000000e+02,3.403849679348336724e-03
4.570000000000000000e+02,5.805789600253391698e-03
4.580000000000000000e+02,3.399195658847729666e-03
4.590000000000000000e+02,5.800841992411064942e-03
4.600000000000000000e+02,3.394767466479364608e-03
4.610000000000000000e+02,5.795993381776640835e-03
4.620000000000000000e+02,3.390613389217789729e-03
4.630000000000000000e+02,5.791342491395856835e-03
4.640000000000000000e+02,3.386648545620246815e-03
4.650000000000000000e+02,5.786763469601731956e-03
4.660000000000000000e+02,3.382887303369409675e-03
4.670000000000000000e+02,5.782417307451412185e-03
4.680000000000000000e+02,3.379321521045875517e-03
4.690000000000000000e+02,5.778210631824869103e-03
4.700000000000000000e+02,3.375986480892672996e-03
4.710000000000000000e+02,5.774126661960022472e-03
4.720000000000000000e+02,3.372833948548286352e-03
4.730000000000000000e+02,5.770245568560982384e-03
4.740000000000000000e+02,3.369881202573976175e-03
4.750000000000000000e+02,5.766474274481430372e-03
4.760000000000000000e+02,3.367162527618368199e-03
4.770000000000000000e+02,5.762864419858841625e-03
4.780000000000000000e+02,3.364654548446531154e-03
4.790000000000000000e+02,5.759413273583233878e-03
4.800000000000000000e+02,3.362321183491180730e-03
4.810000000000000000e+02,5.756107199067092561e-03
4.820000000000000000e+02,3.360206142773993713e-03
4.830000000000000000e+02,5.752945337334332970e-03
4.840000000000000000e+02,3.358290307063378950e-03
4.850000000000000000e+02,5.749934773700642564e-03
4.860000000000000000e+02,3.356574457571864702e-03
4.870000000000000000e+02,5.747074261001574973e-03
4.880000000000000000e+02,3.355060391536088260e-03
4.890000000000000000e+02,5.744358553703963512e-03
4.900000000000000000e+02,3.353747645013643863e-03
4.910000000000000000e+02,5.741790806374438665e-03
4.920000000000000000e+02,3.352633543045757929e-03
4.930000000000000000e+02,5.739369045240610978e-03
4.940000000000000000e+02,3.351720310010435164e-03
4.950000000000000000e+02,5.737093930433276832e-03
4.960000000000000000e+02,3.351006218550438287e-03
4.970000000000000000e+02,5.734964086256006191e-03
4.980000000000000000e+02,3.350491608854032008e-03
4.990000000000000000e+02,5.732979836966287102e-03
5.000000000000000000e+02,3.350175975497484381e-03
5.010000000000000000e+02,5.731140641397783862e-03
5.020000000000000000e+02,3.350059446821748287e-03
5.030000000000000000e+02,5.729446528083677499e-03
5.040000000000000000e+02,3.350141805028124947e-03
5.050000000000000000e+02,5.727897109922614437e-03
5.060000000000000000e+02,3.350422973648238892e-03
5.070000000000000000e+02,5.726492216211037482e-03
5.080000000000000000e+02,3.350902943160688225e-03
5.090000000000000000e+02,5.725231687342395570e-03
5.100000000000000000e+02,3.351581734631257480e-03
5.110000000000000000e+02,5.724115380207277226e-03
