# spatial freqs [1/mm], spectrum [a.u.]
-5.120000000000000000e+02,4.573926081149127382e-02
-5.110000000000000000e+02,-3.484393694108060824e-02
-5.100000000000000000e+02,4.571679119546447068e-02
-5.090000000000000000e+02,-3.482113861640181302e-02
-5.080000000000000000e+02,4.569450396344295479e-02
-5.070000000000000000e+02,-3.479810761445858991e-02
-5.060000000000000000e+02,4.567239745459072270e-02
-5.050000000000000000e+02,-3.477484215912785004e-02
-5.040000000000000000e+02,4.565047003017515953e-02
-5.030000000000000000e+02,-3.475134044118322746e-02
-5.020000000000000000e+02,4.562872006843450567e-02
-5.010000000000000000e+02,-3.472760062600580011e-02
-5.000000000000000000e+02,4.560714599751373999e-02
-4.990000000000000000e+02,-3.470362061042950308e-02
-4.980000000000000000e+02,4.558574644353081962e-02
-4.970000000000000000e+02,-3.467939877350485756e-02
-4.960000000000000000e+02,4.556451972349900154e-02
-4.950000000000000000e+02,-3.465493303445656842e-02
-4.940000000000000000e+02,4.554346431250777538e-02
-4.930000000000000000e+02,-3.463022152972637657e-02
-4.920000000000000000e+02,4.552257879689348280e-02
-4.910000000000000000e+02,-3.460526105959425835e-02
-4.900000000000000000e+02,4.550186162170825888e-02
-4.890000000000000000e+02,-3.458005057401442039e-02
-4.880000000000000000e+02,4.548130925338706582e-02
-4.870000000000000000e+02,-3.455458779464961466e-02
-4.860000000000000000e+02,4.546092427902530958e-02
-4.850000000000000000e+02,-3.452887144250609691e-02
-4.840000000000000000e+02,4.544070469343642477e-02
-4.830000000000000000e+02,-3.450289807535097952e-02
-4.820000000000000000e+02,4.542064478862901933e-02
-4.810000000000000000e+02,-3.447666706338389092e-02
-4.800000000000000000e+02,4.540074769285380729e-02
-4.790000000000000000e+02,-3.445017379291134135e-02
-4.780000000000000000e+02,4.538101711800190952e-02
-4.770000000000000000e+02,-3.442341460084766963e-02
-4.760000000000000000e+02,4.536143214961990688e-02
-4.750000000000000000e+02,-3.439639810262958702e-02
-4.740000000000000000e+02,4.534199497366874637e-02
-4.730000000000000000e+02,-3.436910438677067553e-02
-4.720000000000000000e+02,4.532272610618102299e-02
-4.710000000000000000e+02,-3.434153599823966396e-02
-4.700000000000000000e+02,4.530360159163019512e-02
-4.690000000000000000e+02,-3.431371677872139397e-02
-4.680000000000000000e+02,4.528464187112056505e-02
-4.670000000000000000e+02,-3.428561537537650611e-02
-4.660000000000000000e+02,4.526581804935327774e-02
-4.650000000000000000e+02,-3.425721513337515178e-02
-4.640000000000000000e+02,4.524718236281921602e-02
-4.630000000000000000e+02,-3.422854874776126016e-02
-4.620000000000000000e+02,4.522862412801430948e-02
-4.610000000000000000e+02,-3.419961126507881782e-02
-4.600000000000000000e+02,4.521022016497133061e-02
-4.590000000000000000e+02,-3.417040713303295257e-02
-4.580000000000000000e+02,4.519204872517065125e-02
-4.570000000000000000e+02,-3.414087745581043803e-02
-4.560000000000000000e+02,4.517388339332922831e-02
-4.550000000000000000e+02,-3.411107855518090426e-02
-4.540000000000000000e+02,4.515600876959656451e-02
-4.530000000000000000e+02,-3.408099655509212039e-02
-4.520000000000000000e+02,4.513811483766579785e-02
-4.510000000000000000e+02,-3.405064590653474055e-02
-4.500000000000000000e+02,4.512057173686940398e-02
-4.490000000000000000e+02,-3.401995497406644364e-02
-4.480000000000000000e+02,4.510300210553549322e-02
-4.470000000000000000e+02,-3.398917058259119661e-02
-4.460000000000000000e+02,4.508563916265485166e-02
-4.450000000000000000e+02,-3.395786713087526471e-02
-4.440000000000000000e+02,4.506817348063824752e-02
-4.430000000000000000e+02,-3.392616189658512887e-02
-4.420000000000000000e+02,4.505109085020792686e-02
-4.410000000000000000e+02,-3.389431356429771502e-02
-4.400000000000000000e+02,4.503378222609906445e-02
-4.390000000000000000e+02,-3.386213250681151948e-02
-4.380000000000000000e+02,4.501670125154077357e-02
-4.370000000000000000e+02,-3.382935203062000656e-02
-4.360000000000000000e+02,4.499976059982013082e-02
-4.350000000000000000e+02,-3.379638821640086610e-02
-4.340000000000000000e+02,4.498311817453524986e-02
-4.330000000000000000e+02,-3.376344699294352852e-02
-4.320000000000000000e+02,4.496648682644734107e-02
-4.310000000000000000e+02,-3.373060591781803369e-02
-4.300000000000000000e+02,4.494961472233088146e-02
-4.290000000000000000e+02,-3.369690026059802418e-02
-4.280000000000000000e+02,4.493268414872251398e-02
-4.270000000000000000e+02,-3.366360563415376345e-02
-4.260000000000000000e+02,4.491684714157702374e-02
-4.250000000000000000e+02,-3.362849627329300706e-02
-4.240000000000000000e+02,4.490013274146588407e-02
-4.230000000000000000e+02,-3.359329286654116203e-02
-4.220000000000000000e+02,4.488353293076093736e-02
-4.210000000000000000e+02,-3.355819008844244250e-02
-4.200000000000000000e+02,4.486741876683589952e-02
-4.190000000000000000e+02,-3.352370115348770468e-02
-4.180000000000000000e+02,4.485215107564467091e-02
-4.170000000000000000e+02,-3.348807163830413991e-02
-4.160000000000000000e+02,4.483740978096856233e-02
-4.150000000000000000e+02,-3.345347788733093325e-02
-4.140000000000000000e+02,4.482231795179957706e-02
-4.130000000000000000e+02,-3.341659068252913339e-02
-4.120000000000000000e+02,4.480659533530519101e-02
-4.110000000000000000e+02,-3.338104901034459615e-02
-4.100000000000000000e+02,4.478989707769800988e-02
-4.090000000000000000e+02,-3.334400387148803852e-02
-4.080000000000000000e+02,4.477155669584576003e-02
-4.070000000000000000e+02,-3.330741012593944200e-02
-4.060000000000000000e+02,4.475521039937491868e-02
-4.050000000000000000e+02,-3.327003979155151309e-02
-4.040000000000000000e+02,4.474249047411174574e-02
-4.030000000000000000e+02,-3.323028896468956800e-02
-4.020000000000000000e+02,4.472777582508478261e-02
-4.010000000000000000e+02,-3.319692945247683380e-02
-4.000000000000000000e+02,4.471334740732812313e-02
-3.990000000000000000e+02,-3.315806055335484420e-02
-3.980000000000000000e+02,4.469554595542172409e-02
-3.970000000000000000e+02,-3.312107793463243272e-02
-3.960000000000000000e+02,4.467648605523213967e-02
-3.950000000000000000e+02,-3.307552184212314561e-02
-3.940000000000000000e+02,4.466637134029538547e-02
-3.930000000000000000e+02,-3.303612452084776080e-02
-3.920000000000000000e+02,4.464873021075383558e-02
-3.910000000000000000e+02,-3.299128870268712432e-02
-3.900000000000000000e+02,4.463442292507577985e-02
-3.890000000000000000e+02,-3.295825382605213627e-02
-3.880000000000000000e+02,4.461637424445215327e-02
-3.870000000000000000e+02,-3.292368105415088841e-02
-3.860000000000000000e+02,4.460621740381234129e-02
-3.850000000000000000e+02,-3.288758734679558121e-02
-3.840000000000000000e+02,4.458325082540118278e-02
-3.830000000000000000e+02,-3.285122441019085876e-02
-3.820000000000000000e+02,4.457196206248065229e-02
-3.810000000000000000e+02,-3.279949096170082373e-02
-3.800000000000000000e+02,4.454748943526431332e-02
-3.790000000000000000e+02,-3.276013004365554981e-02
-3.780000000000000000e+02,4.453222261046538982e-02
-3.770000000000000000e+02,-3.271077116649594163e-02
-3.760000000000000000e+02,4.450989484861984230e-02
-3.750000000000000000e+02,-3.267340605259952402e-02
-3.740000000000000000e+02,4.451661248180274755e-02
-3.730000000000000000e+02,-3.262414450369906238e-02
-3.720000000000000000e+02,4.449237324831244178e-02
-3.710000000000000000e+02,-3.258538061567929633e-02
-3.700000000000000000e+02,4.446725583866113773e-02
-3.690000000000000000e+02,-3.255212450350938175e-02
-3.680000000000000000e+02,4.446904161718066156e-02
-3.670000000000000000e+02,-3.250168430217380278e-02
-3.660000000000000000e+02,4.445660768978478700e-02
-3.650000000000000000e+02,-3.246275100995936469e-02
-3.640000000000000000e+02,4.441031087665733151e-02
-3.630000000000000000e+02,-3.242130391039375892e-02
-3.620000000000000000e+02,4.442562352761349198e-02
-3.610000000000000000e+02,-3.236976338117591306e-02
-3.600000000000000000e+02,4.439154102351839520e-02
-3.590000000000000000e+02,-3.234263803303325663e-02
-3.580000000000000000e+02,4.439621829523562879e-02
-3.570000000000000000e+02,-3.230277817298388837e-02
-3.560000000000000000e+02,4.437261575735796520e-02
-3.550000000000000000e+02,-3.224857403996589378e-02
-3.540000000000000000e+02,4.436418426436033319e-02
-3.530000000000000000e+02,-3.218632425620866766e-02
-3.520000000000000000e+02,4.433655539830990561e-02
-3.510000000000000000e+02,-3.217028666612249677e-02
-3.500000000000000000e+02,4.432062922057390664e-02
-3.490000000000000000e+02,-3.204488777235992708e-02
-3.480000000000000000e+02,4.424667642351987756e-02
-3.470000000000000000e+02,-3.197180703433687154e-02
-3.460000000000000000e+02,4.421179321259467027e-02
-3.450000000000000000e+02,-3.192921143145687618e-02
-3.440000000000000000e+02,4.429545380088307366e-02
-3.430000000000000000e+02,-3.195171689302266776e-02
-3.420000000000000000e+02,4.424877329192040964e-02
-3.410000000000000000e+02,-3.189649862951497022e-02
-3.400000000000000000e+02,4.434520198764167059e-02
-3.390000000000000000e+02,-3.181375962685890207e-02
-3.380000000000000000e+02,4.431071098132625258e-02
-3.370000000000000000e+02,-3.186667733922581014e-02
-3.360000000000000000e+02,4.425636146964722489e-02
-3.350000000000000000e+02,-3.172700994767663901e-02
-3.340000000000000000e+02,4.423404427845378101e-02
-3.330000000000000000e+02,-3.163487131282487208e-02
-3.320000000000000000e+02,4.437788856063714510e-02
-3.310000000000000000e+02,-3.130054437373014364e-02
-3.300000000000000000e+02,4.427183862129922820e-02
-3.290000000000000000e+02,-3.133932777482729970e-02
-3.280000000000000000e+02,4.438121442375940473e-02
-3.270000000000000000e+02,-3.107756672269395420e-02
-3.260000000000000000e+02,4.444013760788968759e-02
-3.250000000000000000e+02,-3.111930448927949927e-02
-3.240000000000000000e+02,4.457850889681477108e-02
-3.230000000000000000e+02,-3.098927046285889289e-02
-3.220000000000000000e+02,4.522283750087426057e-02
-3.210000000000000000e+02,-3.107127002863225088e-02
-3.200000000000000000e+02,4.513386896896012801e-02
-3.190000000000000000e+02,-3.026061041162191392e-02
-3.180000000000000000e+02,4.501267459197951654e-02
-3.170000000000000000e+02,-2.974988003016464100e-02
-3.160000000000000000e+02,4.474368717760249942e-02
-3.150000000000000000e+02,-3.009598944013298916e-02
-3.140000000000000000e+02,4.538347757296538887e-02
-3.130000000000000000e+02,-2.898676828075782974e-02
-3.120000000000000000e+02,4.592064402464685752e-02
-3.110000000000000000e+02,-2.892796215027025955e-02
-3.100000000000000000e+02,4.626419569649422442e-02
-3.090000000000000000e+02,-2.861032166421887540e-02
-3.080000000000000000e+02,4.591991207048304324e-02
-3.070000000000000000e+02,-2.808050108017689714e-02
-3.060000000000000000e+02,4.612305886229028234e-02
-3.050000000000000000e+02,-2.851395855488827666e-02
-3.040000000000000000e+02,4.757570968019603913e-02
-3.030000000000000000e+02,-2.866971073472234649e-02
-3.020000000000000000e+02,4.697529486403284604e-02
-3.010000000000000000e+02,-2.731745763535248575e-02
-3.000000000000000000e+02,4.722328273140145166e-02
-2.990000000000000000e+02,-2.671139064903986851e-02
-2.980000000000000000e+02,4.937334066877776401e-02
-2.970000000000000000e+02,-2.527268694863088472e-02
-2.960000000000000000e+02,4.838715228168240234e-02
-2.950000000000000000e+02,-2.469924471898291354e-02
-2.940000000000000000e+02,4.906040800933703788e-02
-2.930000000000000000e+02,-2.472641683777769550e-02
-2.920000000000000000e+02,5.202101671302599567e-02
-2.910000000000000000e+02,-2.289056441915774884e-02
-2.900000000000000000e+02,4.950140882396517755e-02
-2.890000000000000000e+02,-2.249991770917940045e-02
-2.880000000000000000e+02,5.214471709568137270e-02
-2.870000000000000000e+02,-2.084951054859484482e-02
-2.860000000000000000e+02,5.264074342137828322e-02
-2.850000000000000000e+02,-2.312992589434458013e-02
-2.840000000000000000e+02,5.302175769940739580e-02
-2.830000000000000000e+02,-2.002156765758701315e-02
-2.820000000000000000e+02,5.398456534986246363e-02
-2.810000000000000000e+02,-1.911695879979008819e-02
-2.800000000000000000e+02,5.661062038994658235e-02
-2.790000000000000000e+02,-1.513460856632209243e-02
-2.780000000000000000e+02,5.524916718136822086e-02
-2.770000000000000000e+02,-1.565127516673305019e-02
-2.760000000000000000e+02,5.810386946287792592e-02
-2.750000000000000000e+02,-1.246106440923670615e-02
-2.740000000000000000e+02,5.930683764584818857e-02
-2.730000000000000000e+02,-1.494278420550510487e-02
-2.720000000000000000e+02,6.057124043018401183e-02
-2.710000000000000000e+02,-1.343726400195994521e-02
-2.700000000000000000e+02,6.027273392276245867e-02
-2.690000000000000000e+02,-1.167583438716112039e-02
-2.680000000000000000e+02,6.368526752016370751e-02
-2.670000000000000000e+02,-1.103816175513671824e-02
-2.660000000000000000e+02,6.372067514121536325e-02
-2.650000000000000000e+02,-9.337576689226126034e-03
-2.640000000000000000e+02,6.622889165831684355e-02
-2.630000000000000000e+02,-6.403174444704563296e-03
-2.620000000000000000e+02,7.131148924933616851e-02
-2.610000000000000000e+02,-2.311459824524174714e-03
-2.600000000000000000e+02,6.992889816718725338e-02
-2.590000000000000000e+02,-4.255792817331427794e-03
-2.580000000000000000e+02,7.295123837326900063e-02
-2.570000000000000000e+02,5.603103576139690980e-04
-2.560000000000000000e+02,7.426692281304420051e-02
-2.550000000000000000e+02,1.189010508713176512e-03
-2.540000000000000000e+02,8.001098279961839366e-02
-2.530000000000000000e+02,7.949282588521455750e-03
-2.520000000000000000e+02,7.580544680451105355e-02
-2.510000000000000000e+02,7.050500490746831536e-03
-2.500000000000000000e+02,7.706736371951027065e-02
-2.490000000000000000e+02,5.671395230081360296e-03
-2.480000000000000000e+02,7.752671313869984038e-02
-2.470000000000000000e+02,4.534899654391623576e-03
-2.460000000000000000e+02,7.882870873983298388e-02
-2.450000000000000000e+02,1.228600010966746786e-02
-2.440000000000000000e+02,7.752503035257979347e-02
-2.430000000000000000e+02,1.451622611393562669e-02
-2.420000000000000000e+02,8.465718563097264504e-02
-2.410000000000000000e+02,5.440634804436137242e-03
-2.400000000000000000e+02,8.886659750680937775e-02
-2.390000000000000000e+02,1.145594084023089307e-02
-2.380000000000000000e+02,8.603671276085435304e-02
-2.370000000000000000e+02,1.184794803154105673e-02
-2.360000000000000000e+02,8.638209210260255899e-02
-2.350000000000000000e+02,1.339019569180646338e-02
-2.340000000000000000e+02,8.337498928657956221e-02
-2.330000000000000000e+02,1.471132763635804933e-02
-2.320000000000000000e+02,9.000679253967473759e-02
-2.310000000000000000e+02,2.540108751459442191e-02
-2.300000000000000000e+02,9.627289027759024231e-02
-2.290000000000000000e+02,1.735045651623251875e-02
-2.280000000000000000e+02,9.488892692697409315e-02
-2.270000000000000000e+02,2.649653669311547929e-02
-2.260000000000000000e+02,8.632332548090694557e-02
-2.250000000000000000e+02,2.576430296913288787e-02
-2.240000000000000000e+02,1.010714609083478571e-01
-2.230000000000000000e+02,2.332959100174367834e-02
-2.220000000000000000e+02,9.614291624157841887e-02
-2.210000000000000000e+02,2.746420642868440884e-02
-2.200000000000000000e+02,9.579992108812163121e-02
-2.190000000000000000e+02,3.341224745146861852e-02
-2.180000000000000000e+02,1.000880304326064590e-01
-2.170000000000000000e+02,3.142042491660643200e-02
-2.160000000000000000e+02,1.039728886525604495e-01
-2.150000000000000000e+02,3.275771713978935240e-02
-2.140000000000000000e+02,1.052497389116708731e-01
-2.130000000000000000e+02,2.838277387895012105e-02
-2.120000000000000000e+02,1.051010072883335339e-01
-2.110000000000000000e+02,3.486768295575124604e-02
-2.100000000000000000e+02,1.066486114818223779e-01
-2.090000000000000000e+02,3.133660827964136059e-02
-2.080000000000000000e+02,1.098490816241398660e-01
-2.070000000000000000e+02,4.001388187801136614e-02
-2.060000000000000000e+02,1.160546135445889998e-01
-2.050000000000000000e+02,5.644086515875194887e-02
-2.040000000000000000e+02,1.157215864659749960e-01
-2.030000000000000000e+02,5.583292087803450043e-02
-2.020000000000000000e+02,1.312669602366376975e-01
-2.010000000000000000e+02,5.129251963088820448e-02
-2.000000000000000000e+02,1.331693824842888063e-01
-1.990000000000000000e+02,6.922285397681653130e-02
-1.980000000000000000e+02,1.377008477554546584e-01
-1.970000000000000000e+02,5.682177604689972461e-02
-1.960000000000000000e+02,1.236318777492794868e-01
-1.950000000000000000e+02,7.341803632657253886e-02
-1.940000000000000000e+02,1.285718744525295443e-01
-1.930000000000000000e+02,5.850639833448667559e-02
-1.920000000000000000e+02,1.396650658090557440e-01
-1.910000000000000000e+02,6.304303549251048799e-02
-1.900000000000000000e+02,1.433671509171141611e-01
-1.890000000000000000e+02,6.479375728633557374e-02
-1.880000000000000000e+02,1.373439355864027045e-01
-1.870000000000000000e+02,6.993312279020291733e-02
-1.860000000000000000e+02,1.361692627461227878e-01
-1.850000000000000000e+02,7.195422690537045529e-02
-1.840000000000000000e+02,1.455389175820755721e-01
-1.830000000000000000e+02,8.047172487835485555e-02
-1.820000000000000000e+02,1.410675543128020737e-01
-1.810000000000000000e+02,6.387643651381842702e-02
-1.800000000000000000e+02,1.474206001165041802e-01
-1.790000000000000000e+02,6.764224294479333210e-02
-1.780000000000000000e+02,1.393557294454265683e-01
-1.770000000000000000e+02,6.685534908324920755e-02
-1.760000000000000000e+02,1.496112188072789839e-01
-1.750000000000000000e+02,8.699547196461297760e-02
-1.740000000000000000e+02,1.298778604894813005e-01
-1.730000000000000000e+02,5.494487359303570906e-02
-1.720000000000000000e+02,1.332539056816637868e-01
-1.710000000000000000e+02,7.640558859324594887e-02
-1.700000000000000000e+02,1.354975878596395011e-01
-1.690000000000000000e+02,8.920116908300038117e-02
-1.680000000000000000e+02,1.371402310456862061e-01
-1.670000000000000000e+02,7.175718473276941622e-02
-1.660000000000000000e+02,1.456209427259439471e-01
-1.650000000000000000e+02,9.218607837733200361e-02
-1.640000000000000000e+02,1.443556693624785947e-01
-1.630000000000000000e+02,1.005249458615641300e-01
-1.620000000000000000e+02,1.381865232942364741e-01
-1.610000000000000000e+02,9.954679062699083036e-02
-1.600000000000000000e+02,1.599506997581514878e-01
-1.590000000000000000e+02,1.024046221801627882e-01
-1.580000000000000000e+02,1.547937886965873033e-01
-1.570000000000000000e+02,1.085438212153165966e-01
-1.560000000000000000e+02,1.872159658857963926e-01
-1.550000000000000000e+02,1.203457169312953379e-01
-1.540000000000000000e+02,2.011865998936343269e-01
-1.530000000000000000e+02,1.220275208323738786e-01
-1.520000000000000000e+02,2.304984462427419334e-01
-1.510000000000000000e+02,1.519939661511555129e-01
-1.500000000000000000e+02,2.160780803095758429e-01
-1.490000000000000000e+02,1.773769690941523480e-01
-1.480000000000000000e+02,2.020527519149770690e-01
-1.470000000000000000e+02,1.759723462765777624e-01
-1.460000000000000000e+02,2.560733680915343036e-01
-1.450000000000000000e+02,1.883644271456838826e-01
-1.440000000000000000e+02,2.200271418370085830e-01
-1.430000000000000000e+02,1.757962385855729448e-01
-1.420000000000000000e+02,2.788841659228670222e-01
-1.410000000000000000e+02,1.751252684475373966e-01
-1.400000000000000000e+02,2.848757562625834905e-01
-1.390000000000000000e+02,2.096960438277976901e-01
-1.380000000000000000e+02,3.388952725470033567e-01
-1.370000000000000000e+02,2.379882172929955186e-01
-1.360000000000000000e+02,2.974572171499288986e-01
-1.350000000000000000e+02,2.448300742442705291e-01
-1.340000000000000000e+02,3.117917059602296481e-01
-1.330000000000000000e+02,2.843090421162770554e-01
-1.320000000000000000e+02,3.210083216420043795e-01
-1.310000000000000000e+02,2.727453656227041834e-01
-1.300000000000000000e+02,3.362952177535310505e-01
-1.290000000000000000e+02,2.577844083615200566e-01
-1.280000000000000000e+02,3.310875145964343735e-01
-1.270000000000000000e+02,2.752730275352238132e-01
-1.260000000000000000e+02,3.187051524623618626e-01
-1.250000000000000000e+02,2.926953420181920840e-01
-1.240000000000000000e+02,3.109560396376872538e-01
-1.230000000000000000e+02,2.824297168974693184e-01
-1.220000000000000000e+02,3.137415874548014627e-01
-1.210000000000000000e+02,2.436164615058648286e-01
-1.200000000000000000e+02,2.960273826448949763e-01
-1.190000000000000000e+02,2.624250057782943624e-01
-1.180000000000000000e+02,2.868844036365094108e-01
-1.170000000000000000e+02,2.678277931653886834e-01
-1.160000000000000000e+02,3.360364295418213354e-01
-1.150000000000000000e+02,2.574747583385062488e-01
-1.140000000000000000e+02,3.060660837116275790e-01
-1.130000000000000000e+02,2.756650546659600853e-01
-1.120000000000000000e+02,3.483386907034719537e-01
-1.110000000000000000e+02,2.468672697225182677e-01
-1.100000000000000000e+02,3.724661781661127713e-01
-1.090000000000000000e+02,2.824795485760890346e-01
-1.080000000000000000e+02,3.292037706404698505e-01
-1.070000000000000000e+02,3.069519392362274890e-01
-1.060000000000000000e+02,3.934696217677106089e-01
-1.050000000000000000e+02,4.001259359983160291e-01
-1.040000000000000000e+02,4.366327823983596201e-01
-1.030000000000000000e+02,4.163506651328823249e-01
-1.020000000000000000e+02,4.692583155792007799e-01
-1.010000000000000000e+02,4.533277841741126246e-01
-1.000000000000000000e+02,5.117372294872093441e-01
-9.900000000000000000e+01,5.369428961267534994e-01
-9.800000000000000000e+01,6.354612827138760300e-01
-9.700000000000000000e+01,4.773442397470887832e-01
-9.600000000000000000e+01,6.456191766171809343e-01
-9.500000000000000000e+01,7.090508848745894488e-01
-9.400000000000000000e+01,8.924070215149052521e-01
-9.300000000000000000e+01,8.501298925161463460e-01
-9.200000000000000000e+01,8.365896336061258154e-01
-9.100000000000000000e+01,1.043847269271521494e+00
-9.000000000000000000e+01,9.401887876382939435e-01
-8.900000000000000000e+01,1.035026709506456255e+00
-8.800000000000000000e+01,1.211394185798012835e+00
-8.700000000000000000e+01,1.241305715507895036e+00
-8.600000000000000000e+01,1.312935351631322467e+00
-8.500000000000000000e+01,1.353479225371153172e+00
-8.400000000000000000e+01,1.564153109676776010e+00
-8.300000000000000000e+01,1.218733450754500902e+00
-8.200000000000000000e+01,1.426490801457372948e+00
-8.100000000000000000e+01,1.533718256551497294e+00
-8.000000000000000000e+01,1.755970442057866121e+00
-7.900000000000000000e+01,1.437722019282791974e+00
-7.800000000000000000e+01,1.471180269406245689e+00
-7.700000000000000000e+01,2.007444757794888179e+00
-7.600000000000000000e+01,1.664190531406276374e+00
-7.500000000000000000e+01,2.197573261340554751e+00
-7.400000000000000000e+01,1.818822991534848610e+00
-7.300000000000000000e+01,2.220955264747595415e+00
-7.200000000000000000e+01,2.206287111818630908e+00
-7.100000000000000000e+01,2.348628521207194009e+00
-7.000000000000000000e+01,2.601651679790263128e+00
-6.900000000000000000e+01,2.339895753647943888e+00
-6.800000000000000000e+01,2.435715734289957801e+00
-6.700000000000000000e+01,2.572925927120767398e+00
-6.600000000000000000e+01,2.629921532474871704e+00
-6.500000000000000000e+01,2.440143708526638644e+00
-6.400000000000000000e+01,3.381616762201112625e+00
-6.300000000000000000e+01,3.065216163299344210e+00
-6.200000000000000000e+01,3.053577440444945612e+00
-6.100000000000000000e+01,2.927671259595580722e+00
-6.000000000000000000e+01,3.010799825786784290e+00
-5.900000000000000000e+01,3.671368426757974479e+00
-5.800000000000000000e+01,2.823254881375069747e+00
-5.700000000000000000e+01,3.297758556103952188e+00
-5.600000000000000000e+01,3.684775137925352606e+00
-5.500000000000000000e+01,3.899273352268998405e+00
-5.400000000000000000e+01,3.856136192172642030e+00
-5.300000000000000000e+01,3.311799512775760235e+00
-5.200000000000000000e+01,4.267393509192659806e+00
-5.100000000000000000e+01,3.419225053566617767e+00
-5.000000000000000000e+01,3.850439107049804299e+00
-4.900000000000000000e+01,4.101494259598306158e+00
-4.800000000000000000e+01,4.197250783527469054e+00
-4.700000000000000000e+01,4.205199794413201353e+00
-4.600000000000000000e+01,4.081109911829065240e+00
-4.500000000000000000e+01,4.993119769090133886e+00
-4.400000000000000000e+01,4.700304496919907926e+00
-4.300000000000000000e+01,4.974816526695328811e+00
-4.200000000000000000e+01,5.360395141967044808e+00
-4.100000000000000000e+01,5.361304816559441022e+00
-4.000000000000000000e+01,4.890236057592123764e+00
-3.900000000000000000e+01,4.924062174146357052e+00
-3.800000000000000000e+01,4.277105909122026262e+00
-3.700000000000000000e+01,5.070238095425589897e+00
-3.600000000000000000e+01,5.101916524975090184e+00
-3.500000000000000000e+01,5.119226581026086187e+00
-3.400000000000000000e+01,5.598991860453388369e+00
-3.300000000000000000e+01,5.254596714407926861e+00
-3.200000000000000000e+01,5.745848298996307335e+00
-3.100000000000000000e+01,5.583158236274726072e+00
-3.000000000000000000e+01,6.153651429750296664e+00
-2.900000000000000000e+01,5.161757188664736873e+00
-2.800000000000000000e+01,6.526754855095729724e+00
-2.700000000000000000e+01,6.728742278760631912e+00
-2.600000000000000000e+01,5.739579818155547741e+00
-2.500000000000000000e+01,5.969568850422279027e+00
-2.400000000000000000e+01,5.807079053682502767e+00
-2.300000000000000000e+01,5.490147681369700550e+00
-2.200000000000000000e+01,6.750489024623703926e+00
-2.100000000000000000e+01,7.288738303555145848e+00
-2.000000000000000000e+01,6.824571294311787106e+00
-1.900000000000000000e+01,5.808737249372006417e+00
-1.800000000000000000e+01,6.625055909138002797e+00
-1.700000000000000000e+01,6.340313835879913817e+00
-1.600000000000000000e+01,7.730089330008347304e+00
-1.500000000000000000e+01,7.828106244385966583e+00
-1.400000000000000000e+01,8.792443417763797342e+00
-1.300000000000000000e+01,9.040904379554559611e+00
-1.200000000000000000e+01,8.946152964010387620e+00
-1.100000000000000000e+01,8.502617192142306379e+00
-1.000000000000000000e+01,9.544303816299285259e+00
-9.000000000000000000e+00,1.070162213212210034e+01
-8.000000000000000000e+00,1.137000650716119310e+01
-7.000000000000000000e+00,1.483379955108372883e+01
-6.000000000000000000e+00,1.441203710441519270e+01
-5.000000000000000000e+00,2.563824379401130571e+01
-4.000000000000000000e+00,3.961213267540438920e+01
-3.000000000000000000e+00,7.991223171402964454e+01
-2.000000000000000000e+00,9.129194278261905993e+01
-1.000000000000000000e+00,1.302466719130326567e+01
0.000000000000000000e+00,-2.381954082553163765e+00
1.000000000000000000e+00,1.622432284806577485e+01
2.000000000000000000e+00,9.449694444811441940e+01
3.000000000000000000e+00,7.642844884788938487e+01
4.000000000000000000e+00,3.891655497949120956e+01
5.000000000000000000e+00,2.443560322718121469e+01
6.000000000000000000e+00,1.454524977677773379e+01
7.000000000000000000e+00,1.451137966601820040e+01
8.000000000000000000e+00,1.142745199332833472e+01
9.000000000000000000e+00,1.050753102575967013e+01
1.000000000000000000e+01,9.613044030727543543e+00
1.100000000000000000e+01,8.347044294222602190e+00
1.200000000000000000e+01,9.113554479763472216e+00
1.300000000000000000e+01,8.905729368871325491e+00
1.400000000000000000e+01,8.868326516449966945e+00
1.500000000000000000e+01,7.690059915640730104e+00
1.600000000000000000e+01,7.794526341343487985e+00
1.700000000000000000e+01,6.191105183322066274e+00
1.800000000000000000e+01,6.734686917441942811e+00
1.900000000000000000e+01,5.677785695394585552e+00
2.000000000000000000e+01,7.018676834481545335e+00
2.100000000000000000e+01,7.161800145993978184e+00
2.200000000000000000e+01,6.796255250433606676e+00
2.300000000000000000e+01,5.346532308175298454e+00
2.400000000000000000e+01,5.953692309030150120e+00
2.500000000000000000e+01,5.845203790472809580e+00
2.600000000000000000e+01,5.857751649941189243e+00
2.700000000000000000e+01,6.699543749515052937e+00
2.800000000000000000e+01,6.513527352397949777e+00
2.900000000000000000e+01,5.089478511445291176e+00
3.000000000000000000e+01,6.261149775304224008e+00
3.100000000000000000e+01,5.467866551752488036e+00
3.200000000000000000e+01,5.836408010055729179e+00
3.300000000000000000e+01,5.148664341926346921e+00
3.400000000000000000e+01,5.705635346029205301e+00
3.500000000000000000e+01,4.985443271908899909e+00
3.600000000000000000e+01,5.224267646378883967e+00
3.700000000000000000e+01,4.928539661479601541e+00
3.800000000000000000e+01,4.367203118293057074e+00
3.900000000000000000e+01,4.869718665156283599e+00
4.000000000000000000e+01,4.967720722901642461e+00
4.100000000000000000e+01,5.317897717100517951e+00
4.200000000000000000e+01,5.408592278192617897e+00
4.300000000000000000e+01,4.882264257663288198e+00
4.400000000000000000e+01,4.776754191668295846e+00
4.500000000000000000e+01,4.915122742402690648e+00
4.600000000000000000e+01,4.093876220473770644e+00
4.700000000000000000e+01,4.185051603943470866e+00
4.800000000000000000e+01,4.220192521337147618e+00
4.900000000000000000e+01,4.069235266443416599e+00
5.000000000000000000e+01,3.842322936729916094e+00
5.100000000000000000e+01,3.416336782340373635e+00
5.200000000000000000e+01,4.304373526487948354e+00
5.300000000000000000e+01,3.229842967937807785e+00
5.400000000000000000e+01,3.958901485758569816e+00
5.500000000000000000e+01,3.814417686000108887e+00
5.600000000000000000e+01,3.742000485640412766e+00
5.700000000000000000e+01,3.191562042019892242e+00
5.800000000000000000e+01,2.905870536274760330e+00
5.900000000000000000e+01,3.636945094846064652e+00
6.000000000000000000e+01,3.005292150121949390e+00
6.100000000000000000e+01,2.914598273967048403e+00
6.200000000000000000e+01,3.075493895408604850e+00
6.300000000000000000e+01,3.059582127504831828e+00
6.400000000000000000e+01,3.388510149651078773e+00
6.500000000000000000e+01,2.369444244575610981e+00
6.600000000000000000e+01,2.693817372164527324e+00
6.700000000000000000e+01,2.513073637653912229e+00
6.800000000000000000e+01,2.474917354580013384e+00
6.900000000000000000e+01,2.299998615425526527e+00
7.000000000000000000e+01,2.655708234924962774e+00
7.100000000000000000e+01,2.275171821921496473e+00
7.200000000000000000e+01,2.266012629842403925e+00
7.300000000000000000e+01,2.148213061505472865e+00
7.400000000000000000e+01,1.872847435443359521e+00
7.500000000000000000e+01,2.150530883843597696e+00
7.600000000000000000e+01,1.688677556971796001e+00
7.700000000000000000e+01,1.985909728251746165e+00
7.800000000000000000e+01,1.456993226880905823e+00
7.900000000000000000e+01,1.444423170759019825e+00
8.000000000000000000e+01,1.772870811878455077e+00
8.100000000000000000e+01,1.503514787355944238e+00
8.200000000000000000e+01,1.434915339101869414e+00
8.300000000000000000e+01,1.203060207005125726e+00
8.400000000000000000e+01,1.597912703548472590e+00
8.500000000000000000e+01,1.310935394571811186e+00
8.600000000000000000e+01,1.343236969076149423e+00
8.700000000000000000e+01,1.207381888050017338e+00
8.800000000000000000e+01,1.236828077512626800e+00
8.900000000000000000e+01,9.931463342284121421e-01
9.000000000000000000e+01,9.735913650393066554e-01
9.100000000000000000e+01,1.014215563558340749e+00
9.200000000000000000e+01,8.503415034942347628e-01
9.300000000000000000e+01,8.360171131524702925e-01
9.400000000000000000e+01,9.060775933557164707e-01
9.500000000000000000e+01,6.817553107504344956e-01
9.600000000000000000e+01,6.582405338803638539e-01
9.700000000000000000e+01,4.562242201276332509e-01
9.800000000000000000e+01,6.626597178164086444e-01
9.900000000000000000e+01,5.067125689154196033e-01
1.000000000000000000e+02,5.341181551377024439e-01
1.010000000000000000e+02,4.286818729796942895e-01
1.020000000000000000e+02,4.911584517144795825e-01
1.030000000000000000e+02,3.928743485419923243e-01
1.040000000000000000e+02,4.582279960113682105e-01
1.050000000000000000e+02,3.780605627008347125e-01
1.060000000000000000e+02,4.104255092019775120e-01
1.070000000000000000e+02,2.855885612544739049e-01
1.080000000000000000e+02,3.473455767565163943e-01
1.090000000000000000e+02,2.659066165794729542e-01
1.100000000000000000e+02,3.900594542011404098e-01
1.110000000000000000e+02,2.254822061799175992e-01
1.120000000000000000e+02,3.715040495681292132e-01
1.130000000000000000e+02,2.520170264935260862e-01
1.140000000000000000e+02,3.268254268159136999e-01
1.150000000000000000e+02,2.377093190709790027e-01
1.160000000000000000e+02,3.576740333854647180e-01
1.170000000000000000e+02,2.446093348727368944e-01
1.180000000000000000e+02,3.075778835282186874e-01
1.190000000000000000e+02,2.431878813684150153e-01
1.200000000000000000e+02,3.142584264714115005e-01
1.210000000000000000e+02,2.251456561247555110e-01
1.220000000000000000e+02,3.344380516877721865e-01
1.230000000000000000e+02,2.629907875752985902e-01
1.240000000000000000e+02,3.296542441773811505e-01
1.250000000000000000e+02,2.756977534942969266e-01
1.260000000000000000e+02,3.343663272571543721e-01
1.270000000000000000e+02,2.600052264642859767e-01
1.280000000000000000e+02,3.462165358423218153e-01
1.290000000000000000e+02,2.417239958814599854e-01
1.300000000000000000e+02,3.537077506668059868e-01
1.310000000000000000e+02,2.550340620211351550e-01
1.320000000000000000e+02,3.382022827010651156e-01
1.330000000000000000e+02,2.682694426888656558e-01
1.340000000000000000e+02,3.253230807102377442e-01
1.350000000000000000e+02,2.301899308423412116e-01
1.360000000000000000e+02,3.109307152028640830e-01
1.370000000000000000e+02,2.260899272653960901e-01
1.380000000000000000e+02,3.520135572734727769e-01
1.390000000000000000e+02,1.928222367914863844e-01
1.400000000000000000e+02,2.996613854898315110e-01
1.410000000000000000e+02,1.585748530460767691e-01
1.420000000000000000e+02,2.966076534789597319e-01
1.430000000000000000e+02,1.555625079583441150e-01
1.440000000000000000e+02,2.381504771297537626e-01
1.450000000000000000e+02,1.730276289005444057e-01
1.460000000000000000e+02,2.720945468753315777e-01
1.470000000000000000e+02,1.575533222667562516e-01
1.480000000000000000e+02,2.180539327732651800e-01
1.490000000000000000e+02,1.634963913820556003e-01
1.500000000000000000e+02,2.285232733501102176e-01
1.510000000000000000e+02,1.395509604260930792e-01
1.520000000000000000e+02,2.430689012742442978e-01
1.530000000000000000e+02,1.066249067455070643e-01
1.540000000000000000e+02,2.164043724557842829e-01
1.550000000000000000e+02,1.044998107235808604e-01
1.560000000000000000e+02,2.025085025358166479e-01
1.570000000000000000e+02,9.184617219408448829e-02
1.580000000000000000e+02,1.699920103206183364e-01
1.590000000000000000e+02,8.769874915255963799e-02
1.600000000000000000e+02,1.746891480086555093e-01
1.610000000000000000e+02,8.411245812159932889e-02
1.620000000000000000e+02,1.524671433800343090e-01
1.630000000000000000e+02,8.728238434601644224e-02
1.640000000000000000e+02,1.569518575943097405e-01
1.650000000000000000e+02,7.975293232791672016e-02
1.660000000000000000e+02,1.574246853924922696e-01
1.670000000000000000e+02,5.872536484142680535e-02
1.680000000000000000e+02,1.506756616382420033e-01
1.690000000000000000e+02,7.658154330835825752e-02
1.700000000000000000e+02,1.470657623869867370e-01
1.710000000000000000e+02,6.479964605094513941e-02
1.720000000000000000e+02,1.440649828913501129e-01
1.730000000000000000e+02,4.301235102766116924e-02
1.740000000000000000e+02,1.428245511919843946e-01
1.750000000000000000e+02,7.624093437414644625e-02
1.760000000000000000e+02,1.599187424657303180e-01
1.770000000000000000e+02,5.538009188373233666e-02
1.780000000000000000e+02,1.507078385106999929e-01
1.790000000000000000e+02,5.659197573300907974e-02
1.800000000000000000e+02,1.588134352440720154e-01
1.810000000000000000e+02,5.176169993657929458e-02
1.820000000000000000e+02,1.536251802929363142e-01
1.830000000000000000e+02,6.886263301126363534e-02
1.840000000000000000e+02,1.567404654927098684e-01
1.850000000000000000e+02,6.027138212800561140e-02
1.860000000000000000e+02,1.473565587395381515e-01
1.870000000000000000e+02,5.900866328265805261e-02
1.880000000000000000e+02,1.479413631686274100e-01
1.890000000000000000e+02,5.426903404392603714e-02
1.900000000000000000e+02,1.541894272954098533e-01
1.910000000000000000e+02,5.182739065106681253e-02
1.920000000000000000e+02,1.508898745665542829e-01
1.930000000000000000e+02,4.652307565192898703e-02
1.940000000000000000e+02,1.406745218634026517e-01
1.950000000000000000e+02,6.220788417226641442e-02
1.960000000000000000e+02,1.334427622112344114e-01
1.970000000000000000e+02,4.714056959882178405e-02
1.980000000000000000e+02,1.484167895750254651e-01
1.990000000000000000e+02,5.878373053718757152e-02
2.000000000000000000e+02,1.427252148989125724e-01
2.010000000000000000e+02,4.095941938735930821e-02
2.020000000000000000e+02,1.421045192836860871e-01
2.030000000000000000e+02,4.455142679356967339e-02
2.040000000000000000e+02,1.262373333701935774e-01
2.050000000000000000e+02,4.652770306122781807e-02
2.060000000000000000e+02,1.251256628784434555e-01
2.070000000000000000e+02,3.032915464337353900e-02
2.080000000000000000e+02,1.191691753127144399e-01
2.090000000000000000e+02,2.155127804815051493e-02
2.100000000000000000e+02,1.165544867090502201e-01
2.110000000000000000e+02,2.510960457720351480e-02
2.120000000000000000e+02,1.145109914350334046e-01
2.130000000000000000e+02,1.872553747903572471e-02
2.140000000000000000e+02,1.151698168931173938e-01
2.150000000000000000e+02,2.292262862500620349e-02
2.160000000000000000e+02,1.136922729395715564e-01
2.170000000000000000e+02,2.155874612283470784e-02
2.180000000000000000e+02,1.098255253926910952e-01
2.190000000000000000e+02,2.382452652717525696e-02
2.200000000000000000e+02,1.048011605682605540e-01
2.210000000000000000e+02,1.850399542765406372e-02
2.220000000000000000e+02,1.048991544102065576e-01
2.230000000000000000e+02,1.454177177697901779e-02
2.240000000000000000e+02,1.103333993518796075e-01
2.250000000000000000e+02,1.602314064416676676e-02
2.260000000000000000e+02,9.531352181939349577e-02
2.270000000000000000e+02,1.828627856250964259e-02
2.280000000000000000e+02,1.028954947304743378e-01
2.290000000000000000e+02,8.922407600736132968e-03
2.300000000000000000e+02,1.052324527272617272e-01
2.310000000000000000e+02,1.655131528826873227e-02
2.320000000000000000e+02,9.814474827405433865e-02
2.330000000000000000e+02,6.140402243207925687e-03
2.340000000000000000e+02,9.162752416156655366e-02
2.350000000000000000e+02,5.345119612163815037e-03
2.360000000000000000e+02,9.441606427001750235e-02
2.370000000000000000e+02,3.762149135576230586e-03
2.380000000000000000e+02,9.407047247800595646e-02
2.390000000000000000e+02,3.531128888005653083e-03
2.400000000000000000e+02,9.680951090882949917e-02
2.410000000000000000e+02,-3.112098012410325146e-03
2.420000000000000000e+02,9.359595276183946266e-02
2.430000000000000000e+02,5.733851353246584640e-03
2.440000000000000000e+02,8.568404774550648917e-02
2.450000000000000000e+02,4.454284623909754784e-03
2.460000000000000000e+02,8.628454535621840615e-02
2.470000000000000000e+02,-3.197201263235191666e-03
2.480000000000000000e+02,8.531446015522364812e-02
2.490000000000000000e+02,-2.084391559364775961e-03
2.500000000000000000e+02,8.480125746725657165e-02
2.510000000000000000e+02,-5.798608679138255199e-04
2.520000000000000000e+02,8.324344555729380757e-02
2.530000000000000000e+02,8.723903197937529080e-04
2.540000000000000000e+02,8.696403643760639013e-02
2.550000000000000000e+02,-6.240296370784871767e-03
2.560000000000000000e+02,8.154484366635200709e-02
2.570000000000000000e+02,-6.691412475501573760e-03
2.580000000000000000e+02,7.997658882366766309e-02
2.590000000000000000e+02,-1.154325361800188736e-02
2.600000000000000000e+02,7.718048628606019590e-02
2.610000000000000000e+02,-9.357506876125687434e-03
2.620000000000000000e+02,7.823624915144125613e-02
2.630000000000000000e+02,-1.362716109037063333e-02
2.640000000000000000e+02,7.320455584971347074e-02
2.650000000000000000e+02,-1.642545853642976214e-02
2.660000000000000000e+02,7.064228694234343797e-02
2.670000000000000000e+02,-1.797289941938297331e-02
2.680000000000000000e+02,7.060920041261084523e-02
2.690000000000000000e+02,-1.870505835699825051e-02
2.700000000000000000e+02,6.707576450298251280e-02
2.710000000000000000e+02,-2.020799201115225721e-02
2.720000000000000000e+02,6.729576983242713251e-02
2.730000000000000000e+02,-2.177997962493384912e-02
2.740000000000000000e+02,6.618527922264555441e-02
2.750000000000000000e+02,-1.921220539709128650e-02
2.760000000000000000e+02,6.462286913784075215e-02
2.770000000000000000e+02,-2.229616404383116118e-02
2.780000000000000000e+02,6.173799632467803777e-02
2.790000000000000000e+02,-2.141778988001107401e-02
2.800000000000000000e+02,6.273782741901494375e-02
2.810000000000000000e+02,-2.544435546877034729e-02
2.820000000000000000e+02,6.019796379740962461e-02
2.830000000000000000e+02,-2.622774430394819375e-02
2.840000000000000000e+02,5.906448706871515741e-02
2.850000000000000000e+02,-2.929631887125493453e-02
2.860000000000000000e+02,5.889781712031404159e-02
2.870000000000000000e+02,-2.701135478214830229e-02
2.880000000000000000e+02,5.818393568498076568e-02
2.890000000000000000e+02,-2.862173118865933216e-02
2.900000000000000000e+02,5.544201477085785451e-02
2.910000000000000000e+02,-2.866250486462190716e-02
2.920000000000000000e+02,5.780559826657168804e-02
2.930000000000000000e+02,-3.069476977463654957e-02
2.940000000000000000e+02,5.492820408748059352e-02
2.950000000000000000e+02,-3.051526117125533122e-02
2.960000000000000000e+02,5.408568296420662724e-02
2.970000000000000000e+02,-3.088792029233165121e-02
2.980000000000000000e+02,5.495511704207074050e-02
2.990000000000000000e+02,-3.240062053577628248e-02
3.000000000000000000e+02,5.279699901312371463e-02
3.010000000000000000e+02,-3.285239736067745858e-02
3.020000000000000000e+02,5.241329359668966265e-02
3.030000000000000000e+02,-3.411382159052559621e-02
3.040000000000000000e+02,5.306220135837407675e-02
3.050000000000000000e+02,-3.404805512030540521e-02
3.060000000000000000e+02,5.159442707108766180e-02
3.070000000000000000e+02,-3.348086750987658983e-02
3.080000000000000000e+02,5.123304109658279731e-02
3.090000000000000000e+02,-3.387832137166069818e-02
3.100000000000000000e+02,5.150217383503158386e-02
3.110000000000000000e+02,-3.416127401752318271e-02
3.120000000000000000e+02,5.111280984266170641e-02
3.130000000000000000e+02,-3.415349748152162607e-02
3.140000000000000000e+02,5.045851227256416965e-02
3.150000000000000000e+02,-3.519376112561824199e-02
3.160000000000000000e+02,4.979825681419842304e-02
3.170000000000000000e+02,-3.472962626840248035e-02
3.180000000000000000e+02,4.993207446843200142e-02
3.190000000000000000e+02,-3.514957247053706463e-02
3.200000000000000000e+02,4.997231197425527210e-02
3.210000000000000000e+02,-3.591828567552467905e-02
3.220000000000000000e+02,5.007312939219939890e-02
3.230000000000000000e+02,-3.584345366512957376e-02
3.240000000000000000e+02,4.938098744221777053e-02
3.250000000000000000e+02,-3.589506662453363639e-02
3.260000000000000000e+02,4.917893150998655510e-02
3.270000000000000000e+02,-3.577874131444094830e-02
3.280000000000000000e+02,4.903575791196466277e-02
3.290000000000000000e+02,-3.597189381755148269e-02
3.300000000000000000e+02,4.886833164972950033e-02
3.310000000000000000e+02,-3.585403847006872480e-02
3.320000000000000000e+02,4.889000479979234426e-02
3.330000000000000000e+02,-3.613278472099473726e-02
3.340000000000000000e+02,4.869608064151389332e-02
3.350000000000000000e+02,-3.615937381428448172e-02
3.360000000000000000e+02,4.865496397246400762e-02
3.370000000000000000e+02,-3.624015388697561513e-02
3.380000000000000000e+02,4.866079967571231013e-02
3.390000000000000000e+02,-3.613262358842490862e-02
3.400000000000000000e+02,4.863399030269306006e-02
3.410000000000000000e+02,-3.616262283778164804e-02
3.420000000000000000e+02,4.848077319785502881e-02
3.430000000000000000e+02,-3.615408084938157018e-02
3.440000000000000000e+02,4.847157731270040210e-02
3.450000000000000000e+02,-3.607725165841869919e-02
3.460000000000000000e+02,4.832316657238786700e-02
3.470000000000000000e+02,-3.604950252711124070e-02
3.480000000000000000e+02,4.829015259215538314e-02
3.490000000000000000e+02,-3.605623624288110951e-02
3.500000000000000000e+02,4.830054899530284579e-02
3.510000000000000000e+02,-3.612584117697706376e-02
3.520000000000000000e+02,4.826477530258781179e-02
3.530000000000000000e+02,-3.608563417458249961e-02
3.540000000000000000e+02,4.823382232178904938e-02
3.550000000000000000e+02,-3.609157321238703336e-02
3.560000000000000000e+02,4.818613911080801837e-02
3.570000000000000000e+02,-3.608923068257784139e-02
3.580000000000000000e+02,4.815469759170604852e-02
3.590000000000000000e+02,-3.607482666719385306e-02
3.600000000000000000e+02,4.809455096341815755e-02
3.610000000000000000e+02,-3.604390877683695538e-02
3.620000000000000000e+02,4.807125283348966105e-02
3.630000000000000000e+02,-3.604119078661799369e-02
3.640000000000000000e+02,4.800012734955543675e-02
3.650000000000000000e+02,-3.602387256685422867e-02
3.660000000000000000e+02,4.799029823070091044e-02
3.670000000000000000e+02,-3.600882158264636507e-02
3.680000000000000000e+02,4.794776536035240400e-02
3.690000000000000000e+02,-3.600516637511590873e-02
3.700000000000000000e+02,4.789176091997172924e-02
3.710000000000000000e+02,-3.598230441472774488e-02
3.720000000000000000e+02,4.786131264243573269e-02
3.730000000000000000e+02,-3.596612920903075050e-02
3.740000000000000000e+02,4.783090260295271706e-02
3.750000000000000000e+02,-3.596254984158083617e-02
3.760000000000000000e+02,4.777052283961447099e-02
3.770000000000000000e+02,-3.594426864838627667e-02
3.780000000000000000e+02,4.773769293408316322e-02
3.790000000000000000e+02,-3.593968024013339396e-02
3.800000000000000000e+02,4.769948806487592230e-02
3.810000000000000000e+02,-3.592502614781273307e-02
3.820000000000000000e+02,4.767014631189395168e-02
3.830000000000000000e+02,-3.592439522295601956e-02
3.840000000000000000e+02,4.762949886176631731e-02
3.850000000000000000e+02,-3.590794931670591300e-02
3.860000000000000000e+02,4.760014076672927641e-02
3.870000000000000000e+02,-3.589234831068171400e-02
3.880000000000000000e+02,4.755817817179822105e-02
3.890000000000000000e+02,-3.587431884455037634e-02
3.900000000000000000e+02,4.752390526727263975e-02
3.910000000000000000e+02,-3.585508996166949375e-02
3.920000000000000000e+02,4.748542863538068870e-02
3.930000000000000000e+02,-3.584760470488684153e-02
3.940000000000000000e+02,4.745142508723059621e-02
3.950000000000000000e+02,-3.583560492202370745e-02
3.960000000000000000e+02,4.740967313917694714e-02
3.970000000000000000e+02,-3.582932230244700866e-02
3.980000000000000000e+02,4.737777801421069052e-02
3.990000000000000000e+02,-3.581538869084004845e-02
4.000000000000000000e+02,4.734470067042702290e-02
4.010000000000000000e+02,-3.580372469416273629e-02
4.020000000000000000e+02,4.730876706097397050e-02
4.030000000000000000e+02,-3.578647350788780740e-02
4.040000000000000000e+02,4.727263390726291203e-02
4.050000000000000000e+02,-3.577573853331796061e-02
4.060000000000000000e+02,4.723499570223133048e-02
4.070000000000000000e+02,-3.576261433282733326e-02
4.080000000000000000e+02,4.720105733240204798e-02
4.090000000000000000e+02,-3.574897041389252933e-02
4.100000000000000000e+02,4.716937224146328794e-02
4.110000000000000000e+02,-3.573624907199664941e-02
4.120000000000000000e+02,4.713645170583263821e-02
4.130000000000000000e+02,-3.572224313410057861e-02
4.140000000000000000e+02,4.710263279743093223e-02
4.150000000000000000e+02,-3.570976165594787199e-02
4.160000000000000000e+02,4.706851624718895455e-02
4.170000000000000000e+02,-3.569513457152453245e-02
4.180000000000000000e+02,4.703401761804846398e-02
4.190000000000000000e+02,-3.568160090790980371e-02
4.200000000000000000e+02,4.700024900725800064e-02
4.210000000000000000e+02,-3.566705212136694197e-02
4.220000000000000000e+02,4.696739366313217728e-02
4.230000000000000000e+02,-3.565328025542034013e-02
4.240000000000000000e+02,4.693523723668865250e-02
4.250000000000000000e+02,-3.563984187274463894e-02
4.260000000000000000e+02,4.690343809110916751e-02
4.270000000000000000e+02,-3.562658300012005314e-02
4.280000000000000000e+02,4.687101789851756684e-02
4.290000000000000000e+02,-3.561157578773464089e-02
4.300000000000000000e+02,4.683972304197475678e-02
4.310000000000000000e+02,-3.559716372781181193e-02
4.320000000000000000e+02,4.680859366189460413e-02
4.330000000000000000e+02,-3.558205447507473834e-02
4.340000000000000000e+02,4.677732058766265189e-02
4.350000000000000000e+02,-3.556715405834187660e-02
4.360000000000000000e+02,4.674618502908114287e-02
4.370000000000000000e+02,-3.555240094447618265e-02
4.380000000000000000e+02,4.671549917303877142e-02
4.390000000000000000e+02,-3.553762578201753730e-02
4.400000000000000000e+02,4.668512302460040703e-02
4.410000000000000000e+02,-3.552239559851240458e-02
4.420000000000000000e+02,4.665510553113333403e-02
4.430000000000000000e+02,-3.550698128775336970e-02
4.440000000000000000e+02,4.662498022646474616e-02
4.450000000000000000e+02,-3.549152283873448221e-02
4.460000000000000000e+02,4.659537386193966790e-02
4.470000000000000000e+02,-3.547581374417443922e-02
4.480000000000000000e+02,4.656579390167516624e-02
4.490000000000000000e+02,-3.545968347442097351e-02
4.500000000000000000e+02,4.653650850707050091e-02
4.510000000000000000e+02,-3.544357361123499223e-02
4.520000000000000000e+02,4.650731217173855597e-02
4.530000000000000000e+02,-3.542721420021494039e-02
4.540000000000000000e+02,4.647856806552775472e-02
4.550000000000000000e+02,-3.541070612739650320e-02
4.560000000000000000e+02,4.644990924052449371e-02
4.570000000000000000e+02,-3.539400234316876503e-02
4.580000000000000000e+02,4.642163931046397463e-02
4.590000000000000000e+02,-3.537714058632358133e-02
4.600000000000000000e+02,4.639347518193222275e-02
4.610000000000000000e+02,-3.536003628726490378e-02
4.620000000000000000e+02,4.636562956661818141e-02
4.630000000000000000e+02,-3.534275745309113648e-02
4.640000000000000000e+02,4.633802860434375198e-02
4.650000000000000000e+02,-3.532529821960310457e-02
4.660000000000000000e+02,4.631058946818924354e-02
4.670000000000000000e+02,-3.530765049040009151e-02
4.680000000000000000e+02,4.628341960534747279e-02
4.690000000000000000e+02,-3.528978495338781773e-02
4.700000000000000000e+02,4.625646183490841196e-02
4.710000000000000000e+02,-3.527171007253408763e-02
4.720000000000000000e+02,4.622973999785645605e-02
4.730000000000000000e+02,-3.525345632291858322e-02
4.740000000000000000e+02,4.620323331227939312e-02
4.750000000000000000e+02,-3.523499523927581950e-02
4.760000000000000000e+02,4.617696132461959063e-02
4.770000000000000000e+02,-3.521632217745818139e-02
4.780000000000000000e+02,4.615089905439277718e-02
4.790000000000000000e+02,-3.519745242400280916e-02
4.800000000000000000e+02,4.612504127959785732e-02
4.810000000000000000e+02,-3.517837265808405195e-02
4.820000000000000000e+02,4.609940468728910418e-02
4.830000000000000000e+02,-3.515908401195071836e-02
4.840000000000000000e+02,4.607398240403447198e-02
4.850000000000000000e+02,-3.513958774841025728e-02
4.860000000000000000e+02,4.604876792015121650e-02
4.870000000000000000e+02,-3.511988057080402820e-02
4.880000000000000000e+02,4.602376323430795724e-02
4.890000000000000000e+02,-3.509996261935779960e-02
4.900000000000000000e+02,4.599896714003458981e-02
4.910000000000000000e+02,-3.507983200990673345e-02
4.920000000000000000e+02,4.597437355940430653e-02
4.930000000000000000e+02,-3.505948725125586363e-02
4.940000000000000000e+02,4.594998251730190997e-02
4.950000000000000000e+02,-3.503892597130912889e-02
4.960000000000000000e+02,4.592579202172326902e-02
4.970000000000000000e+02,-3.501814791494470974e-02
4.980000000000000000e+02,4.590180010900396512e-02
4.990000000000000000e+02,-3.499715152870015722e-02
5.000000000000000000e+02,4.587800487438931790e-02
5.010000000000000000e+02,-3.497593547141543413e-02
5.020000000000000000e+02,4.585440460826073483e-02
5.030000000000000000e+02,-3.495449796450036256e-02
5.040000000000000000e+02,4.583099724913879819e-02
5.050000000000000000e+02,-3.493283768360167657e-02
5.060000000000000000e+02,4.580778096431734753e-02
5.070000000000000000e+02,-3.491095305368700080e-02
5.080000000000000000e+02,4.578475396885885174e-02
5.090000000000000000e+02,-3.488884247768916230e-02
5.100000000000000000e+02,4.576191449806298051e-02
5.110000000000000000e+02,-3.486650432784928200e-02
