# spatial freqs [1/mm], spectrum [a.u.]
-5.120000000000000000e+02,7.524884682721057205e-02
-5.110000000000000000e+02,-6.311962233348533680e-02
-5.100000000000000000e+02,7.521089650330044230e-02
-5.090000000000000000e+02,-6.308134520076330576e-02
-5.080000000000000000e+02,7.517321342635679970e-02
-5.070000000000000000e+02,-6.304287956234362611e-02
-5.060000000000000000e+02,7.513579481076103350e-02
-5.050000000000000000e+02,-6.300422247582825042e-02
-5.040000000000000000e+02,7.509863792705874508e-02
-5.030000000000000000e+02,-6.296537096077592377e-02
-5.020000000000000000e+02,7.506174010187087464e-02
-5.010000000000000000e+02,-6.292632199401380910e-02
-5.000000000000000000e+02,7.502509867318310488e-02
-4.990000000000000000e+02,-6.288707266388697537e-02
-4.980000000000000000e+02,7.498871126411049692e-02
-4.970000000000000000e+02,-6.284761975521727106e-02
-4.960000000000000000e+02,7.495257459106174913e-02
-4.950000000000000000e+02,-6.280796021272336271e-02
-4.940000000000000000e+02,7.491668689897182376e-02
-4.930000000000000000e+02,-6.276809032641224306e-02
-4.920000000000000000e+02,7.488104659837437060e-02
-4.910000000000000000e+02,-6.272800797674742135e-02
-4.900000000000000000e+02,7.484564920028237422e-02
-4.890000000000000000e+02,-6.268770980962022621e-02
-4.880000000000000000e+02,7.481049324302878334e-02
-4.870000000000000000e+02,-6.264719128265540393e-02
-4.860000000000000000e+02,7.477557738105126972e-02
-4.850000000000000000e+02,-6.260645014912867568e-02
-4.840000000000000000e+02,7.474089816639456485e-02
-4.830000000000000000e+02,-6.256549063556240964e-02
-4.820000000000000000e+02,7.470645562024688657e-02
-4.810000000000000000e+02,-6.252428995648486032e-02
-4.800000000000000000e+02,7.467223678242314311e-02
-4.790000000000000000e+02,-6.248285714983014411e-02
-4.780000000000000000e+02,7.463824915937798676e-02
-4.770000000000000000e+02,-6.244119901385100646e-02
-4.760000000000000000e+02,7.460450178556611578e-02
-4.750000000000000000e+02,-6.239928707500839999e-02
-4.740000000000000000e+02,7.457097542208739049e-02
-4.730000000000000000e+02,-6.235712394985382795e-02
-4.720000000000000000e+02,7.453765422072440583e-02
-4.710000000000000000e+02,-6.231475599760697565e-02
-4.700000000000000000e+02,7.450456969646526706e-02
-4.690000000000000000e+02,-6.227212625009864722e-02
-4.680000000000000000e+02,7.447171336433068556e-02
-4.670000000000000000e+02,-6.222923022792116454e-02
-4.660000000000000000e+02,7.443901680385499320e-02
-4.650000000000000000e+02,-6.218609230971482854e-02
-4.640000000000000000e+02,7.440661711297795466e-02
-4.630000000000000000e+02,-6.214271582609749711e-02
-4.620000000000000000e+02,7.437446386422889855e-02
-4.610000000000000000e+02,-6.209902962781655572e-02
-4.600000000000000000e+02,7.434237132895037126e-02
-4.590000000000000000e+02,-6.205507128978008519e-02
-4.580000000000000000e+02,7.431049091342684099e-02
-4.570000000000000000e+02,-6.201081008538580214e-02
-4.560000000000000000e+02,7.427895956972174751e-02
-4.550000000000000000e+02,-6.196631768723586536e-02
-4.540000000000000000e+02,7.424756410069793811e-02
-4.530000000000000000e+02,-6.192171792496884569e-02
-4.520000000000000000e+02,7.421634004722739431e-02
-4.510000000000000000e+02,-6.187652397394829973e-02
-4.500000000000000000e+02,7.418544179154822060e-02
-4.490000000000000000e+02,-6.183144697731272205e-02
-4.480000000000000000e+02,7.415452947728659594e-02
-4.470000000000000000e+02,-6.178576455635416409e-02
-4.460000000000000000e+02,7.412382656472162046e-02
-4.450000000000000000e+02,-6.173953342449961523e-02
-4.440000000000000000e+02,7.409343559966306836e-02
-4.430000000000000000e+02,-6.169382654643592451e-02
-4.420000000000000000e+02,7.406338691526005713e-02
-4.410000000000000000e+02,-6.164743770339611850e-02
-4.400000000000000000e+02,7.403309441446297157e-02
-4.390000000000000000e+02,-6.160052598317355965e-02
-4.380000000000000000e+02,7.400308940002356395e-02
-4.370000000000000000e+02,-6.155371063295296541e-02
-4.360000000000000000e+02,7.397344444497416793e-02
-4.350000000000000000e+02,-6.150592620477111916e-02
-4.340000000000000000e+02,7.394398513602370993e-02
-4.330000000000000000e+02,-6.145842329745553750e-02
-4.320000000000000000e+02,7.391463883323727557e-02
-4.310000000000000000e+02,-6.141088182258194750e-02
-4.300000000000000000e+02,7.388506936931453495e-02
-4.290000000000000000e+02,-6.136282209474343274e-02
-4.280000000000000000e+02,7.385687817454404669e-02
-4.270000000000000000e+02,-6.131466424157613893e-02
-4.260000000000000000e+02,7.382753619490120545e-02
-4.250000000000000000e+02,-6.126347300522316797e-02
-4.240000000000000000e+02,7.379675858731087057e-02
-4.230000000000000000e+02,-6.121484570221600446e-02
-4.220000000000000000e+02,7.376848233075795902e-02
-4.210000000000000000e+02,-6.116588119889427438e-02
-4.200000000000000000e+02,7.374206944183345214e-02
-4.190000000000000000e+02,-6.111691106739196994e-02
-4.180000000000000000e+02,7.371282538156136155e-02
-4.170000000000000000e+02,-6.106665523023148412e-02
-4.160000000000000000e+02,7.368205416764643523e-02
-4.150000000000000000e+02,-6.101638006121031660e-02
-4.140000000000000000e+02,7.365634885425569045e-02
-4.130000000000000000e+02,-6.096575190853609910e-02
-4.120000000000000000e+02,7.362818062325043877e-02
-4.110000000000000000e+02,-6.091589583252818990e-02
-4.100000000000000000e+02,7.359919874808193430e-02
-4.090000000000000000e+02,-6.086004835658795353e-02
-4.080000000000000000e+02,7.357520020857845344e-02
-4.070000000000000000e+02,-6.080966766276528490e-02
-4.060000000000000000e+02,7.354246701530885166e-02
-4.050000000000000000e+02,-6.076087773711182083e-02
-4.040000000000000000e+02,7.351248355206624341e-02
-4.030000000000000000e+02,-6.070381172596554104e-02
-4.020000000000000000e+02,7.348674124726690959e-02
-4.010000000000000000e+02,-6.065148360494870133e-02
-4.000000000000000000e+02,7.346058423318353736e-02
-3.990000000000000000e+02,-6.060169689824228267e-02
-3.980000000000000000e+02,7.343579238426670153e-02
-3.970000000000000000e+02,-6.055009731819561980e-02
-3.960000000000000000e+02,7.341144782258067492e-02
-3.950000000000000000e+02,-6.049337863224358430e-02
-3.940000000000000000e+02,7.337726139328361319e-02
-3.930000000000000000e+02,-6.044852952639582361e-02
-3.920000000000000000e+02,7.335126739377738347e-02
-3.910000000000000000e+02,-6.038811282721095325e-02
-3.900000000000000000e+02,7.332910536323174189e-02
-3.890000000000000000e+02,-6.032789788855238977e-02
-3.880000000000000000e+02,7.329514868593853261e-02
-3.870000000000000000e+02,-6.027979532686532360e-02
-3.860000000000000000e+02,7.326613506688572919e-02
-3.850000000000000000e+02,-6.022271261363362771e-02
-3.840000000000000000e+02,7.323302583291518841e-02
-3.830000000000000000e+02,-6.016207720915765778e-02
-3.820000000000000000e+02,7.320826227185231461e-02
-3.810000000000000000e+02,-6.010848134253835712e-02
-3.800000000000000000e+02,7.317931554802531435e-02
-3.790000000000000000e+02,-6.004970739712924693e-02
-3.780000000000000000e+02,7.316880028968848759e-02
-3.770000000000000000e+02,-5.999317875246229503e-02
-3.760000000000000000e+02,7.314509702491026055e-02
-3.750000000000000000e+02,-5.995077884412813862e-02
-3.740000000000000000e+02,7.310005208391426312e-02
-3.730000000000000000e+02,-5.989380803197736497e-02
-3.720000000000000000e+02,7.307339946435498224e-02
-3.710000000000000000e+02,-5.983108682604785372e-02
-3.700000000000000000e+02,7.304779885576023757e-02
-3.690000000000000000e+02,-5.978196062033388353e-02
-3.680000000000000000e+02,7.304129006495921339e-02
-3.670000000000000000e+02,-5.971805673534638648e-02
-3.660000000000000000e+02,7.299909537492571543e-02
-3.650000000000000000e+02,-5.965684802005725984e-02
-3.640000000000000000e+02,7.296791854893919238e-02
-3.630000000000000000e+02,-5.959419219057460887e-02
-3.620000000000000000e+02,7.293463624024199010e-02
-3.610000000000000000e+02,-5.953272846344576791e-02
-3.600000000000000000e+02,7.292047066929606414e-02
-3.590000000000000000e+02,-5.944183374731853986e-02
-3.580000000000000000e+02,7.289291445355369770e-02
-3.570000000000000000e+02,-5.939399978991998647e-02
-3.560000000000000000e+02,7.286726728685645471e-02
-3.550000000000000000e+02,-5.932792706436079005e-02
-3.540000000000000000e+02,7.282061303543679864e-02
-3.530000000000000000e+02,-5.931537201433074308e-02
-3.520000000000000000e+02,7.279667000470162186e-02
-3.510000000000000000e+02,-5.924838915599291156e-02
-3.500000000000000000e+02,7.279699588673807509e-02
-3.490000000000000000e+02,-5.916741076189892257e-02
-3.480000000000000000e+02,7.281610089036733013e-02
-3.470000000000000000e+02,-5.906663749979432221e-02
-3.460000000000000000e+02,7.279655438283655355e-02
-3.450000000000000000e+02,-5.908260090970499090e-02
-3.440000000000000000e+02,7.278477218029717755e-02
-3.430000000000000000e+02,-5.899306266933383724e-02
-3.420000000000000000e+02,7.268977745493293563e-02
-3.410000000000000000e+02,-5.885668231180325033e-02
-3.400000000000000000e+02,7.270031497533392673e-02
-3.390000000000000000e+02,-5.874019642483832571e-02
-3.380000000000000000e+02,7.259348628683862104e-02
-3.370000000000000000e+02,-5.865821619150440869e-02
-3.360000000000000000e+02,7.269464402298536632e-02
-3.350000000000000000e+02,-5.868712566730231728e-02
-3.340000000000000000e+02,7.281846764153611373e-02
-3.330000000000000000e+02,-5.838636480962369063e-02
-3.320000000000000000e+02,7.272859904855744073e-02
-3.310000000000000000e+02,-5.827687360812744410e-02
-3.300000000000000000e+02,7.275958732146772800e-02
-3.290000000000000000e+02,-5.803230416841991673e-02
-3.280000000000000000e+02,7.258836725937931056e-02
-3.270000000000000000e+02,-5.817616087805425884e-02
-3.260000000000000000e+02,7.314817482829345796e-02
-3.250000000000000000e+02,-5.791986010578508565e-02
-3.240000000000000000e+02,7.257059604979625156e-02
-3.230000000000000000e+02,-5.776091973654850359e-02
-3.220000000000000000e+02,7.269362408839905032e-02
-3.210000000000000000e+02,-5.757320113954191715e-02
-3.200000000000000000e+02,7.333772629840609736e-02
-3.190000000000000000e+02,-5.722392141526268239e-02
-3.180000000000000000e+02,7.310021814543542218e-02
-3.170000000000000000e+02,-5.686289515483266416e-02
-3.160000000000000000e+02,7.415527657843375142e-02
-3.150000000000000000e+02,-5.664878265268447066e-02
-3.140000000000000000e+02,7.444597654088763727e-02
-3.130000000000000000e+02,-5.663660874877611551e-02
-3.120000000000000000e+02,7.355447272004028703e-02
-3.110000000000000000e+02,-5.583929925317946547e-02
-3.100000000000000000e+02,7.453995154225001585e-02
-3.090000000000000000e+02,-5.509122754731485966e-02
-3.080000000000000000e+02,7.433098186882829139e-02
-3.070000000000000000e+02,-5.497980830697913462e-02
-3.060000000000000000e+02,7.542810448169158521e-02
-3.050000000000000000e+02,-5.453230220571770454e-02
-3.040000000000000000e+02,7.494594643318301663e-02
-3.030000000000000000e+02,-5.407862159247855960e-02
-3.020000000000000000e+02,7.591369212088588947e-02
-3.010000000000000000e+02,-5.397869035895583312e-02
-3.000000000000000000e+02,7.628592826087968182e-02
-2.990000000000000000e+02,-5.261773838721992697e-02
-2.980000000000000000e+02,7.687812983408159884e-02
-2.970000000000000000e+02,-5.240196965554032305e-02
-2.960000000000000000e+02,7.791307143857852113e-02
-2.950000000000000000e+02,-5.117435737005362334e-02
-2.940000000000000000e+02,7.775368053937570245e-02
-2.930000000000000000e+02,-4.915394000922661960e-02
-2.920000000000000000e+02,7.942803054835026466e-02
-2.910000000000000000e+02,-4.879091617052420254e-02
-2.900000000000000000e+02,8.008885642529184334e-02
-2.890000000000000000e+02,-5.056843492247851263e-02
-2.880000000000000000e+02,7.955371133520841576e-02
-2.870000000000000000e+02,-4.802546074811267496e-02
-2.860000000000000000e+02,8.192629506682737317e-02
-2.850000000000000000e+02,-4.961974246091437057e-02
-2.840000000000000000e+02,8.210826437021236102e-02
-2.830000000000000000e+02,-4.700668221522798923e-02
-2.820000000000000000e+02,8.195240641677584148e-02
-2.810000000000000000e+02,-4.540442166601792173e-02
-2.800000000000000000e+02,8.278444370748190562e-02
-2.790000000000000000e+02,-4.361899024418260107e-02
-2.780000000000000000e+02,8.401135293042955032e-02
-2.770000000000000000e+02,-4.289948772911481717e-02
-2.760000000000000000e+02,8.585881603000090900e-02
-2.750000000000000000e+02,-4.241122823755746896e-02
-2.740000000000000000e+02,8.883424732469710761e-02
-2.730000000000000000e+02,-3.920689280382926023e-02
-2.720000000000000000e+02,8.653443331695807872e-02
-2.710000000000000000e+02,-4.092515921953371327e-02
-2.700000000000000000e+02,9.084804355976780488e-02
-2.690000000000000000e+02,-3.599629324932385188e-02
-2.680000000000000000e+02,9.199616181206365928e-02
-2.670000000000000000e+02,-3.766598906150166876e-02
-2.660000000000000000e+02,9.375399062446081178e-02
-2.650000000000000000e+02,-3.504544912179364397e-02
-2.640000000000000000e+02,9.733562509422306885e-02
-2.630000000000000000e+02,-3.322921547334106718e-02
-2.620000000000000000e+02,9.422643863848365053e-02
-2.610000000000000000e+02,-3.158684755038965869e-02
-2.600000000000000000e+02,9.339210464324225469e-02
-2.590000000000000000e+02,-2.575366234270004204e-02
-2.580000000000000000e+02,9.989550210539117903e-02
-2.570000000000000000e+02,-2.511331211734559379e-02
-2.560000000000000000e+02,9.880269831090211785e-02
-2.550000000000000000e+02,-2.619469410035275489e-02
-2.540000000000000000e+02,1.023487217108551700e-01
-2.530000000000000000e+02,-2.276235593311393829e-02
-2.520000000000000000e+02,1.029157466403763099e-01
-2.510000000000000000e+02,-1.516920230234110843e-02
-2.500000000000000000e+02,1.017533515467800437e-01
-2.490000000000000000e+02,-2.357756903253762498e-02
-2.480000000000000000e+02,1.081814995297136622e-01
-2.470000000000000000e+02,-2.112656159631858682e-02
-2.460000000000000000e+02,1.053321287646747512e-01
-2.450000000000000000e+02,-2.041459868409099820e-02
-2.440000000000000000e+02,1.116529070600227741e-01
-2.430000000000000000e+02,-1.374533446654317877e-02
-2.420000000000000000e+02,1.164493374874279313e-01
-2.410000000000000000e+02,-1.694386189013381491e-02
-2.400000000000000000e+02,1.149749931956576959e-01
-2.390000000000000000e+02,-1.330033975138012609e-02
-2.380000000000000000e+02,1.104189806985954592e-01
-2.370000000000000000e+02,-1.673188840840702726e-02
-2.360000000000000000e+02,1.160463412343301498e-01
-2.350000000000000000e+02,-1.930529441633325669e-02
-2.340000000000000000e+02,1.145867093639322265e-01
-2.330000000000000000e+02,-9.469144553450499491e-03
-2.320000000000000000e+02,1.209265035855298515e-01
-2.310000000000000000e+02,-1.677854157366864135e-02
-2.300000000000000000e+02,1.145423219310122837e-01
-2.290000000000000000e+02,-1.113231246208088582e-02
-2.280000000000000000e+02,1.191511477408208203e-01
-2.270000000000000000e+02,-2.668281825810933303e-03
-2.260000000000000000e+02,1.232161702208115495e-01
-2.250000000000000000e+02,-2.332174495876200571e-03
-2.240000000000000000e+02,1.236225585579072833e-01
-2.230000000000000000e+02,-2.626224829892108512e-03
-2.220000000000000000e+02,1.308335988745303047e-01
-2.210000000000000000e+02,6.563344410774864463e-04
-2.200000000000000000e+02,1.228862238903762338e-01
-2.190000000000000000e+02,8.364242052084974385e-03
-2.180000000000000000e+02,1.324311996432499250e-01
-2.170000000000000000e+02,7.632214559880352162e-03
-2.160000000000000000e+02,1.272137085420326219e-01
-2.150000000000000000e+02,9.831376563213584455e-03
-2.140000000000000000e+02,1.285729600984689414e-01
-2.130000000000000000e+02,1.137397324284188972e-02
-2.120000000000000000e+02,1.364291737009562522e-01
-2.110000000000000000e+02,1.170231723571276035e-02
-2.100000000000000000e+02,1.347050666124091911e-01
-2.090000000000000000e+02,8.559720617443252605e-03
-2.080000000000000000e+02,1.361748422716506923e-01
-2.070000000000000000e+02,1.771717762099519339e-02
-2.060000000000000000e+02,1.355836929136499114e-01
-2.050000000000000000e+02,1.501582208604312213e-02
-2.040000000000000000e+02,1.383231365639001342e-01
-2.030000000000000000e+02,2.337312283054837278e-02
-2.020000000000000000e+02,1.322108353237755329e-01
-2.010000000000000000e+02,3.661094969238662400e-02
-2.000000000000000000e+02,1.482992068936398455e-01
-1.990000000000000000e+02,2.905321576747076778e-02
-1.980000000000000000e+02,1.588571046254675379e-01
-1.970000000000000000e+02,1.868867985433534870e-02
-1.960000000000000000e+02,1.494859889636401817e-01
-1.950000000000000000e+02,2.919609365938264159e-02
-1.940000000000000000e+02,1.537216430319171823e-01
-1.930000000000000000e+02,2.422648799145200524e-02
-1.920000000000000000e+02,1.594239971405299605e-01
-1.910000000000000000e+02,3.697247377164136067e-02
-1.900000000000000000e+02,1.744267173881851596e-01
-1.890000000000000000e+02,4.017986554094418045e-02
-1.880000000000000000e+02,1.629067328035158635e-01
-1.870000000000000000e+02,4.918705672514261940e-02
-1.860000000000000000e+02,1.575022303105783339e-01
-1.850000000000000000e+02,4.263420458269795432e-02
-1.840000000000000000e+02,1.616711224206990594e-01
-1.830000000000000000e+02,2.980024615517633951e-02
-1.820000000000000000e+02,1.572567193550181708e-01
-1.810000000000000000e+02,4.172361959067212578e-02
-1.800000000000000000e+02,1.620745926579065799e-01
-1.790000000000000000e+02,5.415710031021134241e-02
-1.780000000000000000e+02,1.679824137857459931e-01
-1.770000000000000000e+02,4.541638322544577083e-02
-1.760000000000000000e+02,1.651726602055435533e-01
-1.750000000000000000e+02,5.273313124093319954e-02
-1.740000000000000000e+02,1.686913199336999847e-01
-1.730000000000000000e+02,3.627369280714389660e-02
-1.720000000000000000e+02,1.714445170258203366e-01
-1.710000000000000000e+02,4.683432441394769913e-02
-1.700000000000000000e+02,1.836362711069061682e-01
-1.690000000000000000e+02,4.949892874765285389e-02
-1.680000000000000000e+02,1.685022818401111788e-01
-1.670000000000000000e+02,4.839858590519980491e-02
-1.660000000000000000e+02,1.716059567062167557e-01
-1.650000000000000000e+02,5.183738326153072840e-02
-1.640000000000000000e+02,1.803689021225598488e-01
-1.630000000000000000e+02,5.702752926091061297e-02
-1.620000000000000000e+02,1.804694746146938700e-01
-1.610000000000000000e+02,5.334882801430815280e-02
-1.600000000000000000e+02,1.954143427996223592e-01
-1.590000000000000000e+02,6.394867217309821439e-02
-1.580000000000000000e+02,1.826411719936059663e-01
-1.570000000000000000e+02,7.352412618764221641e-02
-1.560000000000000000e+02,1.936949938196592946e-01
-1.550000000000000000e+02,6.659331872929467877e-02
-1.540000000000000000e+02,2.044435784836527714e-01
-1.530000000000000000e+02,1.109129779973934693e-01
-1.520000000000000000e+02,2.071868110621779280e-01
-1.510000000000000000e+02,1.004953604227878522e-01
-1.500000000000000000e+02,2.144696730907368620e-01
-1.490000000000000000e+02,1.062356894230211679e-01
-1.480000000000000000e+02,2.404312791312656905e-01
-1.470000000000000000e+02,1.491960004172143694e-01
-1.460000000000000000e+02,2.434583330627485831e-01
-1.450000000000000000e+02,1.526302208869652899e-01
-1.440000000000000000e+02,2.790468690245261896e-01
-1.430000000000000000e+02,1.264045100381706588e-01
-1.420000000000000000e+02,2.540617432047809765e-01
-1.410000000000000000e+02,1.631509758856487802e-01
-1.400000000000000000e+02,2.529658150972082242e-01
-1.390000000000000000e+02,1.971664066953547068e-01
-1.380000000000000000e+02,3.038765586287840992e-01
-1.370000000000000000e+02,1.812432120670456337e-01
-1.360000000000000000e+02,3.144458733825242769e-01
-1.350000000000000000e+02,1.833419389729763760e-01
-1.340000000000000000e+02,2.818946012858786765e-01
-1.330000000000000000e+02,1.768479029284235338e-01
-1.320000000000000000e+02,3.057071187282257574e-01
-1.310000000000000000e+02,2.187286302447677133e-01
-1.300000000000000000e+02,3.196224795647529815e-01
-1.290000000000000000e+02,2.015591606462854291e-01
-1.280000000000000000e+02,3.236967731176770835e-01
-1.270000000000000000e+02,1.976102346335114612e-01
-1.260000000000000000e+02,3.060391255865516080e-01
-1.250000000000000000e+02,1.956160079877326263e-01
-1.240000000000000000e+02,3.258651816606242813e-01
-1.230000000000000000e+02,1.796789037575087511e-01
-1.220000000000000000e+02,3.299736780443186523e-01
-1.210000000000000000e+02,1.987024170125434031e-01
-1.200000000000000000e+02,3.254027235784590077e-01
-1.190000000000000000e+02,2.012884038590740943e-01
-1.180000000000000000e+02,2.944631324087790269e-01
-1.170000000000000000e+02,2.034006833088820299e-01
-1.160000000000000000e+02,2.979813537441098892e-01
-1.150000000000000000e+02,1.850055242772392916e-01
-1.140000000000000000e+02,3.606877278075180659e-01
-1.130000000000000000e+02,1.989470206792252616e-01
-1.120000000000000000e+02,3.384719327418826973e-01
-1.110000000000000000e+02,2.058642056532914155e-01
-1.100000000000000000e+02,3.168980388294805328e-01
-1.090000000000000000e+02,2.326718243205213033e-01
-1.080000000000000000e+02,3.873063072121692429e-01
-1.070000000000000000e+02,3.160477622057720204e-01
-1.060000000000000000e+02,4.194554937878393064e-01
-1.050000000000000000e+02,3.257734102103169160e-01
-1.040000000000000000e+02,4.676299818467580249e-01
-1.030000000000000000e+02,3.307755479755076222e-01
-1.020000000000000000e+02,4.823057021023862689e-01
-1.010000000000000000e+02,4.592546695213159391e-01
-1.000000000000000000e+02,5.337494824347569500e-01
-9.900000000000000000e+01,4.504928895168280323e-01
-9.800000000000000000e+01,6.248327148842428569e-01
-9.700000000000000000e+01,5.492529798323200207e-01
-9.600000000000000000e+01,6.996114630502682230e-01
-9.500000000000000000e+01,5.809390956398449157e-01
-9.400000000000000000e+01,8.052698364798237529e-01
-9.300000000000000000e+01,7.219349009470361622e-01
-9.200000000000000000e+01,9.121670546493999554e-01
-9.100000000000000000e+01,8.327084383559977265e-01
-9.000000000000000000e+01,9.772870114858509538e-01
-8.900000000000000000e+01,9.207944435692456686e-01
-8.800000000000000000e+01,1.033898821298011583e+00
-8.700000000000000000e+01,9.680432187192297144e-01
-8.600000000000000000e+01,1.217620036315647525e+00
-8.500000000000000000e+01,1.201199255791160603e+00
-8.400000000000000000e+01,1.447517560869688857e+00
-8.300000000000000000e+01,1.271165485969710573e+00
-8.200000000000000000e+01,1.462669724249444192e+00
-8.100000000000000000e+01,1.297677881556500878e+00
-8.000000000000000000e+01,1.667029365366900384e+00
-7.900000000000000000e+01,1.487237006521353821e+00
-7.800000000000000000e+01,1.802758547045391957e+00
-7.700000000000000000e+01,1.377559036924757452e+00
-7.600000000000000000e+01,2.025550019969081017e+00
-7.500000000000000000e+01,1.804911224836899919e+00
-7.400000000000000000e+01,1.750417163672837395e+00
-7.300000000000000000e+01,1.928059041233444182e+00
-7.200000000000000000e+01,2.085052698987762909e+00
-7.100000000000000000e+01,2.348092836217843704e+00
-7.000000000000000000e+01,2.164150466538494300e+00
-6.900000000000000000e+01,2.241718031014155343e+00
-6.800000000000000000e+01,2.550369830527929871e+00
-6.700000000000000000e+01,2.512439993055670229e+00
-6.600000000000000000e+01,3.003828461304007380e+00
-6.500000000000000000e+01,2.937756103271964570e+00
-6.400000000000000000e+01,2.695522264988559513e+00
-6.300000000000000000e+01,2.849789476649227993e+00
-6.200000000000000000e+01,3.061409068449180815e+00
-6.100000000000000000e+01,2.959624357419692764e+00
-6.000000000000000000e+01,3.434775287186195403e+00
-5.900000000000000000e+01,2.927853576366780342e+00
-5.800000000000000000e+01,3.599513207277833526e+00
-5.700000000000000000e+01,3.368877979550946922e+00
-5.600000000000000000e+01,3.362777563512690193e+00
-5.500000000000000000e+01,3.532863585866782508e+00
-5.400000000000000000e+01,4.630219948928981033e+00
-5.300000000000000000e+01,4.281186654458572605e+00
-5.200000000000000000e+01,3.889574481797930972e+00
-5.100000000000000000e+01,4.497874458875053882e+00
-5.000000000000000000e+01,3.867842217547085237e+00
-4.900000000000000000e+01,3.954504329958977493e+00
-4.800000000000000000e+01,4.614774418245964682e+00
-4.700000000000000000e+01,4.469556823830275860e+00
-4.600000000000000000e+01,4.305044030373988306e+00
-4.500000000000000000e+01,4.425107822620899078e+00
-4.400000000000000000e+01,4.559488376887406602e+00
-4.300000000000000000e+01,4.346499899778645926e+00
-4.200000000000000000e+01,4.644173425629269047e+00
-4.100000000000000000e+01,4.768521468996739898e+00
-4.000000000000000000e+01,5.178768519490554390e+00
-3.900000000000000000e+01,5.671054769543082408e+00
-3.800000000000000000e+01,5.444456754470305526e+00
-3.700000000000000000e+01,5.753238257532338196e+00
-3.600000000000000000e+01,4.932498633845167291e+00
-3.500000000000000000e+01,4.877403816873851383e+00
-3.400000000000000000e+01,5.589755497632697079e+00
-3.300000000000000000e+01,5.889045472358894528e+00
-3.200000000000000000e+01,5.613132857690374067e+00
-3.100000000000000000e+01,6.348737447231330044e+00
-3.000000000000000000e+01,6.161380883070433079e+00
-2.900000000000000000e+01,5.590119767078001622e+00
-2.800000000000000000e+01,6.705394935049454830e+00
-2.700000000000000000e+01,5.956421115068169847e+00
-2.600000000000000000e+01,5.722044295340668718e+00
-2.500000000000000000e+01,6.022673231390168525e+00
-2.400000000000000000e+01,6.636753781040788169e+00
-2.300000000000000000e+01,7.374887225192920504e+00
-2.200000000000000000e+01,6.502475485242756648e+00
-2.100000000000000000e+01,7.163718507024675830e+00
-2.000000000000000000e+01,5.562731125127681864e+00
-1.900000000000000000e+01,6.334618394490018289e+00
-1.800000000000000000e+01,6.853248915352723181e+00
-1.700000000000000000e+01,7.483748226974616280e+00
-1.600000000000000000e+01,6.333931258005939924e+00
-1.500000000000000000e+01,7.875979233482342856e+00
-1.400000000000000000e+01,9.909229227123258710e+00
-1.300000000000000000e+01,1.116113797433544796e+01
-1.200000000000000000e+01,8.677420528403827049e+00
-1.100000000000000000e+01,9.889464622726743315e+00
-1.000000000000000000e+01,1.100783249147805876e+01
-9.000000000000000000e+00,1.420192319857375018e+01
-8.000000000000000000e+00,1.413018178149988380e+01
-7.000000000000000000e+00,1.694509761548341586e+01
-6.000000000000000000e+00,2.756479286313206600e+01
-5.000000000000000000e+00,3.808359546368668447e+01
-4.000000000000000000e+00,6.401900879610964523e+01
-3.000000000000000000e+00,1.175013803525202718e+02
-2.000000000000000000e+00,1.307246629639666367e+02
-1.000000000000000000e+00,1.934579139537486370e+01
0.000000000000000000e+00,-3.723799104724818232e+00
1.000000000000000000e+00,2.399170576596457138e+01
2.000000000000000000e+00,1.352209111410442972e+02
3.000000000000000000e+00,1.130119363134740667e+02
4.000000000000000000e+00,6.271000089184821746e+01
5.000000000000000000e+00,3.647952343947851261e+01
6.000000000000000000e+00,2.766634103188203042e+01
7.000000000000000000e+00,1.586899706137872101e+01
8.000000000000000000e+00,1.476174352586708949e+01
9.000000000000000000e+00,1.354403915733126773e+01
1.000000000000000000e+01,1.135521001354882387e+01
1.100000000000000000e+01,9.378734065543813614e+00
1.200000000000000000e+01,9.123475867897846925e+00
1.300000000000000000e+01,1.088889611486339959e+01
1.400000000000000000e+01,1.008447654986029640e+01
1.500000000000000000e+01,7.464940558177103114e+00
1.600000000000000000e+01,6.616276412212991787e+00
1.700000000000000000e+01,7.261916929530824127e+00
1.800000000000000000e+01,7.043677693154260844e+00
1.900000000000000000e+01,6.056842887186563829e+00
2.000000000000000000e+01,5.814728870798240301e+00
2.100000000000000000e+01,7.007706445099818104e+00
2.200000000000000000e+01,6.660262047162073706e+00
2.300000000000000000e+01,7.253910006081326856e+00
2.400000000000000000e+01,6.705907686403126178e+00
2.500000000000000000e+01,5.880038936864741217e+00
2.600000000000000000e+01,5.830619369203843938e+00
2.700000000000000000e+01,5.889556833670792635e+00
2.800000000000000000e+01,6.806962182798229399e+00
2.900000000000000000e+01,5.425036899606950236e+00
3.000000000000000000e+01,6.353884358064015636e+00
3.100000000000000000e+01,6.173669816454812498e+00
3.200000000000000000e+01,5.730604780048349944e+00
3.300000000000000000e+01,5.780370749049456691e+00
3.400000000000000000e+01,5.665499077211920920e+00
3.500000000000000000e+01,4.733651378754164973e+00
3.600000000000000000e+01,5.089405607745321802e+00
3.700000000000000000e+01,5.658856025585503602e+00
3.800000000000000000e+01,5.533719944039120264e+00
3.900000000000000000e+01,5.583311837245855003e+00
4.000000000000000000e+01,5.222571276701859055e+00
4.100000000000000000e+01,4.681183640427457604e+00
4.200000000000000000e+01,4.706838210517539700e+00
4.300000000000000000e+01,4.265748252610650937e+00
4.400000000000000000e+01,4.647602452964394004e+00
4.500000000000000000e+01,4.330811695772071701e+00
4.600000000000000000e+01,4.385204413763711173e+00
4.700000000000000000e+01,4.410176248231331364e+00
4.800000000000000000e+01,4.673896240986314510e+00
4.900000000000000000e+01,3.839303577876496121e+00
5.000000000000000000e+01,3.979001076488140498e+00
5.100000000000000000e+01,4.427228804890738445e+00
5.200000000000000000e+01,3.924302414309197129e+00
5.300000000000000000e+01,4.280919775619565826e+00
5.400000000000000000e+01,4.641997751156701213e+00
5.500000000000000000e+01,3.436389050550622049e+00
5.600000000000000000e+01,3.417345573561365146e+00
5.700000000000000000e+01,3.332020197809326234e+00
5.800000000000000000e+01,3.629973259188715051e+00
5.900000000000000000e+01,2.867213544452912100e+00
6.000000000000000000e+01,3.506021104892731888e+00
6.100000000000000000e+01,2.870954746680981273e+00
6.200000000000000000e+01,3.137337879636346027e+00
6.300000000000000000e+01,2.762304816213224434e+00
6.400000000000000000e+01,2.764791121266829244e+00
6.500000000000000000e+01,2.895200287158096408e+00
6.600000000000000000e+01,3.040931496774338161e+00
6.700000000000000000e+01,2.441066144353604361e+00
6.800000000000000000e+01,2.606531942060635654e+00
6.900000000000000000e+01,2.163328707651072769e+00
7.000000000000000000e+01,2.232032391762822865e+00
7.100000000000000000e+01,2.293066213209265847e+00
7.200000000000000000e+01,2.115955370551714676e+00
7.300000000000000000e+01,1.878677885170321415e+00
7.400000000000000000e+01,1.778883293552652622e+00
7.500000000000000000e+01,1.791315577700089978e+00
7.600000000000000000e+01,2.036647059265277004e+00
7.700000000000000000e+01,1.334155631869441860e+00
7.800000000000000000e+01,1.853822787164869812e+00
7.900000000000000000e+01,1.433527865474045759e+00
8.000000000000000000e+01,1.711249498251291357e+00
8.100000000000000000e+01,1.239917960781644179e+00
8.200000000000000000e+01,1.514293018495303178e+00
8.300000000000000000e+01,1.219887465389583703e+00
8.400000000000000000e+01,1.497025067546587485e+00
8.500000000000000000e+01,1.142873031370398085e+00
8.600000000000000000e+01,1.260740324032699533e+00
8.700000000000000000e+01,9.130767371085615203e-01
8.800000000000000000e+01,1.081701987530595988e+00
8.900000000000000000e+01,8.726817614243518317e-01
9.000000000000000000e+01,1.019125721223521630e+00
9.100000000000000000e+01,7.878884578264557792e-01
9.200000000000000000e+01,9.512239482130415702e-01
9.300000000000000000e+01,6.768730478577840159e-01
9.400000000000000000e+01,8.431712464427715270e-01
9.500000000000000000e+01,5.348652415458562404e-01
9.600000000000000000e+01,7.426271884298907278e-01
9.700000000000000000e+01,5.039129349538363778e-01
9.800000000000000000e+01,6.644738903132094698e-01
9.900000000000000000e+01,4.050030949205803421e-01
1.000000000000000000e+02,5.765120113786323941e-01
1.010000000000000000e+02,4.180322280593227191e-01
1.020000000000000000e+02,5.154942745093888945e-01
1.030000000000000000e+02,2.936813756306899115e-01
1.040000000000000000e+02,5.054988092924760368e-01
1.050000000000000000e+02,2.858896349907916190e-01
1.060000000000000000e+02,4.570822851374470863e-01
1.070000000000000000e+02,2.786819175942072402e-01
1.080000000000000000e+02,4.202247236877376113e-01
1.090000000000000000e+02,1.954222210573892116e-01
1.100000000000000000e+02,3.506077726321493171e-01
1.110000000000000000e+02,1.731344929696422563e-01
1.120000000000000000e+02,3.714178288467346323e-01
1.130000000000000000e+02,1.661424038334654019e-01
1.140000000000000000e+02,3.949582690132292240e-01
1.150000000000000000e+02,1.470932286769250086e-01
1.160000000000000000e+02,3.344796347317328666e-01
1.170000000000000000e+02,1.687378374976553908e-01
1.180000000000000000e+02,3.273873174234127048e-01
1.190000000000000000e+02,1.704206648379950895e-01
1.200000000000000000e+02,3.566582627301048691e-01
1.210000000000000000e+02,1.675876599970484715e-01
1.220000000000000000e+02,3.607615667118865832e-01
1.230000000000000000e+02,1.476036126333929166e-01
1.240000000000000000e+02,3.589696796447036653e-01
1.250000000000000000e+02,1.623538201382000723e-01
1.260000000000000000e+02,3.381159700230854659e-01
1.270000000000000000e+02,1.667774077976245939e-01
1.280000000000000000e+02,3.550483895633425591e-01
1.290000000000000000e+02,1.700670489599809820e-01
1.300000000000000000e+02,3.513650193270612676e-01
1.310000000000000000e+02,1.879017009964673024e-01
1.320000000000000000e+02,3.340095378955980632e-01
1.330000000000000000e+02,1.467885856480427575e-01
1.340000000000000000e+02,3.110963543472516357e-01
1.350000000000000000e+02,1.559447795147406446e-01
1.360000000000000000e+02,3.429360503408683813e-01
1.370000000000000000e+02,1.516351754074607705e-01
1.380000000000000000e+02,3.341479539014504119e-01
1.390000000000000000e+02,1.664266749983008276e-01
1.400000000000000000e+02,2.795183810806863844e-01
1.410000000000000000e+02,1.372355862837165430e-01
1.420000000000000000e+02,2.781678811393203943e-01
1.430000000000000000e+02,1.015812886636389550e-01
1.440000000000000000e+02,3.066797032661635058e-01
1.450000000000000000e+02,1.241926529133705187e-01
1.460000000000000000e+02,2.699890324798209784e-01
1.470000000000000000e+02,1.236933238098539833e-01
1.480000000000000000e+02,2.639400051325708207e-01
1.490000000000000000e+02,8.055273372294088907e-02
1.500000000000000000e+02,2.393714718289701726e-01
1.510000000000000000e+02,7.542764957587132224e-02
1.520000000000000000e+02,2.319456513314765711e-01
1.530000000000000000e+02,8.735046641848667748e-02
1.540000000000000000e+02,2.258567781154727228e-01
1.550000000000000000e+02,4.335186557566172300e-02
1.560000000000000000e+02,2.172708246917196273e-01
1.570000000000000000e+02,5.002493425326306337e-02
1.580000000000000000e+02,2.049589521633113920e-01
1.590000000000000000e+02,4.214432532772346973e-02
1.600000000000000000e+02,2.174535784705564634e-01
1.610000000000000000e+02,3.012895635955439855e-02
1.620000000000000000e+02,2.034637169552923897e-01
1.630000000000000000e+02,3.437164263343554793e-02
1.640000000000000000e+02,2.027111381552293423e-01
1.650000000000000000e+02,2.917156619559877970e-02
1.660000000000000000e+02,1.937291166664719955e-01
1.670000000000000000e+02,2.634867685919254146e-02
1.680000000000000000e+02,1.901411404040008746e-01
1.690000000000000000e+02,2.865018821735805521e-02
1.700000000000000000e+02,2.049490314279141523e-01
1.710000000000000000e+02,2.487154532001564083e-02
1.720000000000000000e+02,1.927622368158629362e-01
1.730000000000000000e+02,1.439119496214629965e-02
1.740000000000000000e+02,1.911575278417217416e-01
1.750000000000000000e+02,3.094589200696656189e-02
1.760000000000000000e+02,1.861522267146627496e-01
1.770000000000000000e+02,2.450822384007253149e-02
1.780000000000000000e+02,1.891746684579127258e-01
1.790000000000000000e+02,3.338485253414189696e-02
1.800000000000000000e+02,1.818156042865451960e-01
1.810000000000000000e+02,2.181225615165666848e-02
1.820000000000000000e+02,1.764877744628766121e-01
1.830000000000000000e+02,1.026110258926888653e-02
1.840000000000000000e+02,1.819792638383574690e-01
1.850000000000000000e+02,2.262869344407863678e-02
1.860000000000000000e+02,1.771535118722691038e-01
1.870000000000000000e+02,3.049968045018386711e-02
1.880000000000000000e+02,1.809494410490665728e-01
1.890000000000000000e+02,2.237798177022571125e-02
1.900000000000000000e+02,1.927235738182296321e-01
1.910000000000000000e+02,1.790303507671201291e-02
1.920000000000000000e+02,1.776601738749812864e-01
1.930000000000000000e+02,5.399142608441576639e-03
1.940000000000000000e+02,1.726118129022898573e-01
1.950000000000000000e+02,1.054299801687176921e-02
1.960000000000000000e+02,1.674131351824648395e-01
1.970000000000000000e+02,6.442767709026995821e-04
1.980000000000000000e+02,1.779459575492425005e-01
1.990000000000000000e+02,9.654658455110518706e-03
2.000000000000000000e+02,1.675328191420480117e-01
2.010000000000000000e+02,1.763566301358191965e-02
2.020000000000000000e+02,1.494867629071315041e-01
2.030000000000000000e+02,6.537926003114158564e-03
2.040000000000000000e+02,1.548935439739708708e-01
2.050000000000000000e+02,-1.893437786162613726e-03
2.060000000000000000e+02,1.524528959664285255e-01
2.070000000000000000e+02,1.176639111914791610e-03
2.080000000000000000e+02,1.522742667116349091e-01
2.090000000000000000e+02,-7.882108649987949398e-03
2.100000000000000000e+02,1.512619627670252209e-01
2.110000000000000000e+02,-4.667721614364975236e-03
2.120000000000000000e+02,1.528325908878591377e-01
2.130000000000000000e+02,-5.238780796382119277e-03
2.140000000000000000e+02,1.447118452391619181e-01
2.150000000000000000e+02,-6.111770811818428330e-03
2.160000000000000000e+02,1.427825940893251433e-01
2.170000000000000000e+02,-7.662040090948145019e-03
2.180000000000000000e+02,1.478836610056535328e-01
2.190000000000000000e+02,-7.235231090470189454e-03
2.200000000000000000e+02,1.376153340890476917e-01
2.210000000000000000e+02,-1.380340332066589022e-02
2.220000000000000000e+02,1.455236450053448982e-01
2.230000000000000000e+02,-1.780134087833250972e-02
2.240000000000000000e+02,1.385924651563409105e-01
2.250000000000000000e+02,-1.717701636587399758e-02
2.260000000000000000e+02,1.379235555370345034e-01
2.270000000000000000e+02,-1.732521059662613105e-02
2.280000000000000000e+02,1.332385305768837014e-01
2.290000000000000000e+02,-2.547343398560219033e-02
2.300000000000000000e+02,1.284700941729333967e-01
2.310000000000000000e+02,-3.069494735075611186e-02
2.320000000000000000e+02,1.354316525721356024e-01
2.330000000000000000e+02,-2.391519726885982938e-02
2.340000000000000000e+02,1.283303244314855651e-01
2.350000000000000000e+02,-3.327372264732448431e-02
2.360000000000000000e+02,1.303039984776698246e-01
2.370000000000000000e+02,-3.114659025612206283e-02
2.380000000000000000e+02,1.246125890930731284e-01
2.390000000000000000e+02,-2.698360828542934950e-02
2.400000000000000000e+02,1.285296825479846639e-01
2.410000000000000000e+02,-3.060019817328434033e-02
2.420000000000000000e+02,1.303415933395732640e-01
2.430000000000000000e+02,-2.765369329498662890e-02
2.440000000000000000e+02,1.251172750191235361e-01
2.450000000000000000e+02,-3.421670460031209227e-02
2.460000000000000000e+02,1.188387516708229869e-01
2.470000000000000000e+02,-3.443691603685183900e-02
2.480000000000000000e+02,1.215359114712029343e-01
2.490000000000000000e+02,-3.731880855569821853e-02
2.500000000000000000e+02,1.154809631512532658e-01
2.510000000000000000e+02,-2.824265515832194429e-02
2.520000000000000000e+02,1.154410546399988746e-01
2.530000000000000000e+02,-3.538696098109696958e-02
2.540000000000000000e+02,1.148414317493426234e-01
2.550000000000000000e+02,-3.889870674004367035e-02
2.560000000000000000e+02,1.113779862470600235e-01
2.570000000000000000e+02,-3.749580667998808625e-02
2.580000000000000000e+02,1.122094560073922526e-01
2.590000000000000000e+02,-3.814840706836302581e-02
2.600000000000000000e+02,1.051779801408127546e-01
2.610000000000000000e+02,-4.331370333710608811e-02
2.620000000000000000e+02,1.058205928441183358e-01
2.630000000000000000e+02,-4.470849580597520412e-02
2.640000000000000000e+02,1.088798399724703186e-01
2.650000000000000000e+02,-4.679870577311408958e-02
2.660000000000000000e+02,1.053212237382559618e-01
2.670000000000000000e+02,-4.935671151924234112e-02
2.680000000000000000e+02,1.036670596722236715e-01
2.690000000000000000e+02,-4.754324840007606578e-02
2.700000000000000000e+02,1.021264881859541285e-01
2.710000000000000000e+02,-5.246851922146190256e-02
2.720000000000000000e+02,9.793377527260378745e-02
2.730000000000000000e+02,-5.031928965391468250e-02
2.740000000000000000e+02,9.983561791303079136e-02
2.750000000000000000e+02,-5.360040654764092194e-02
2.760000000000000000e+02,9.692697003368737352e-02
2.770000000000000000e+02,-5.396364874106367865e-02
2.780000000000000000e+02,9.490733649093360813e-02
2.790000000000000000e+02,-5.445751926223209999e-02
2.800000000000000000e+02,9.342035025513723001e-02
2.810000000000000000e+02,-5.601156347944465791e-02
2.820000000000000000e+02,9.239200024199348271e-02
2.830000000000000000e+02,-5.739924138287869765e-02
2.840000000000000000e+02,9.238126582306742385e-02
2.850000000000000000e+02,-5.998852439492909777e-02
2.860000000000000000e+02,9.236744080494825593e-02
2.870000000000000000e+02,-5.843932220701206909e-02
2.880000000000000000e+02,8.971620140642984353e-02
2.890000000000000000e+02,-6.073502124675028702e-02
2.900000000000000000e+02,9.031391097135267609e-02
2.910000000000000000e+02,-5.892850479648970713e-02
2.920000000000000000e+02,8.944990738724632739e-02
2.930000000000000000e+02,-5.913508488691321396e-02
2.940000000000000000e+02,8.750826596079343267e-02
2.950000000000000000e+02,-6.088860681396980612e-02
2.960000000000000000e+02,8.754688994694868887e-02
2.970000000000000000e+02,-6.206675037921488558e-02
2.980000000000000000e+02,8.645880941837688627e-02
2.990000000000000000e+02,-6.214969508305152879e-02
3.000000000000000000e+02,8.568961713144711279e-02
3.010000000000000000e+02,-6.338347680688906360e-02
3.020000000000000000e+02,8.526766189665976881e-02
3.030000000000000000e+02,-6.340910616116091081e-02
3.040000000000000000e+02,8.415856372490301829e-02
3.050000000000000000e+02,-6.366891590006941437e-02
3.060000000000000000e+02,8.451824549502229278e-02
3.070000000000000000e+02,-6.407300084258821249e-02
3.080000000000000000e+02,8.332178680592239317e-02
3.090000000000000000e+02,-6.399712952377571706e-02
3.100000000000000000e+02,8.336483627149535169e-02
3.110000000000000000e+02,-6.465598853274623359e-02
3.120000000000000000e+02,8.224417785826951266e-02
3.130000000000000000e+02,-6.525727299154093775e-02
3.140000000000000000e+02,8.305859175745025635e-02
3.150000000000000000e+02,-6.524102294834670246e-02
3.160000000000000000e+02,8.269715011870787391e-02
3.170000000000000000e+02,-6.539605861012941224e-02
3.180000000000000000e+02,8.152538548822650666e-02
3.190000000000000000e+02,-6.558242472255980393e-02
3.200000000000000000e+02,8.164156800345921672e-02
3.210000000000000000e+02,-6.585938618648073950e-02
3.220000000000000000e+02,8.089740275953830051e-02
3.230000000000000000e+02,-6.590758982126759813e-02
3.240000000000000000e+02,8.064141749011836946e-02
3.250000000000000000e+02,-6.591558460198621017e-02
3.260000000000000000e+02,8.110965445854843858e-02
3.270000000000000000e+02,-6.612502778503469292e-02
3.280000000000000000e+02,8.047243011661790735e-02
3.290000000000000000e+02,-6.584175230237254706e-02
3.300000000000000000e+02,8.050607000798815083e-02
3.310000000000000000e+02,-6.597710358583512569e-02
3.320000000000000000e+02,8.037069593629102282e-02
3.330000000000000000e+02,-6.597404889947716677e-02
3.340000000000000000e+02,8.034953750193467303e-02
3.350000000000000000e+02,-6.618569953651616544e-02
3.360000000000000000e+02,8.014436044028687423e-02
3.370000000000000000e+02,-6.605792926939857423e-02
3.380000000000000000e+02,7.993182158085374023e-02
3.390000000000000000e+02,-6.602162331309585630e-02
3.400000000000000000e+02,7.992853704605104581e-02
3.410000000000000000e+02,-6.603718212673356791e-02
3.420000000000000000e+02,7.981410948199196831e-02
3.430000000000000000e+02,-6.606799717421167617e-02
3.440000000000000000e+02,7.981210395084042952e-02
3.450000000000000000e+02,-6.606579311688622058e-02
3.460000000000000000e+02,7.973327710029541604e-02
3.470000000000000000e+02,-6.595274266951475783e-02
3.480000000000000000e+02,7.964990710988285871e-02
3.490000000000000000e+02,-6.595577067314287167e-02
3.500000000000000000e+02,7.953354217330403653e-02
3.510000000000000000e+02,-6.593827286023511147e-02
3.520000000000000000e+02,7.943571255477922810e-02
3.530000000000000000e+02,-6.590700937664023540e-02
3.540000000000000000e+02,7.936387166834615869e-02
3.550000000000000000e+02,-6.582065245983030610e-02
3.560000000000000000e+02,7.931013721728831511e-02
3.570000000000000000e+02,-6.578952931679271643e-02
3.580000000000000000e+02,7.923936708047855937e-02
3.590000000000000000e+02,-6.574010859607885837e-02
3.600000000000000000e+02,7.916843794654954136e-02
3.610000000000000000e+02,-6.573523818103166327e-02
3.620000000000000000e+02,7.908824337139580551e-02
3.630000000000000000e+02,-6.570096035613452734e-02
3.640000000000000000e+02,7.902647067440311812e-02
3.650000000000000000e+02,-6.566916855770583983e-02
3.660000000000000000e+02,7.896357157754135825e-02
3.670000000000000000e+02,-6.563639025715628517e-02
3.680000000000000000e+02,7.891294743659102440e-02
3.690000000000000000e+02,-6.560952869325782644e-02
3.700000000000000000e+02,7.882797196299451414e-02
3.710000000000000000e+02,-6.556538834661417015e-02
3.720000000000000000e+02,7.876020337405353899e-02
3.730000000000000000e+02,-6.553550772669790303e-02
3.740000000000000000e+02,7.869488717133626965e-02
3.750000000000000000e+02,-6.550027557831036851e-02
3.760000000000000000e+02,7.864949504695324667e-02
3.770000000000000000e+02,-6.545293024058494724e-02
3.780000000000000000e+02,7.858234047451101434e-02
3.790000000000000000e+02,-6.541933310021447179e-02
3.800000000000000000e+02,7.850210452333453159e-02
3.810000000000000000e+02,-6.538673723420125594e-02
3.820000000000000000e+02,7.844068801761733267e-02
3.830000000000000000e+02,-6.535025941018890450e-02
3.840000000000000000e+02,7.837513525903595790e-02
3.850000000000000000e+02,-6.532081059861388761e-02
3.860000000000000000e+02,7.831906203083238704e-02
3.870000000000000000e+02,-6.528926340967643183e-02
3.880000000000000000e+02,7.825984327666528351e-02
3.890000000000000000e+02,-6.524872085712371539e-02
3.900000000000000000e+02,7.820511776994081010e-02
3.910000000000000000e+02,-6.522142882593591484e-02
3.920000000000000000e+02,7.813976098111663493e-02
3.930000000000000000e+02,-6.519447307038811479e-02
3.940000000000000000e+02,7.807917408995809772e-02
3.950000000000000000e+02,-6.515198680911102325e-02
3.960000000000000000e+02,7.802600887382644956e-02
3.970000000000000000e+02,-6.512247571184387462e-02
3.980000000000000000e+02,7.796433331828574176e-02
3.990000000000000000e+02,-6.508797043893686796e-02
4.000000000000000000e+02,7.790312273473107285e-02
4.010000000000000000e+02,-6.505168716525526473e-02
4.020000000000000000e+02,7.784322962304229820e-02
4.030000000000000000e+02,-6.501815677715278019e-02
4.040000000000000000e+02,7.778310142349025014e-02
4.050000000000000000e+02,-6.498965952355638398e-02
4.060000000000000000e+02,7.772825441326702833e-02
4.070000000000000000e+02,-6.495351599691344402e-02
4.080000000000000000e+02,7.767629705793564765e-02
4.090000000000000000e+02,-6.491972056932199253e-02
4.100000000000000000e+02,7.761575341143057971e-02
4.110000000000000000e+02,-6.489117881044680070e-02
4.120000000000000000e+02,7.756098306409062171e-02
4.130000000000000000e+02,-6.485734839125738282e-02
4.140000000000000000e+02,7.750554284264273008e-02
4.150000000000000000e+02,-6.482459323881663293e-02
4.160000000000000000e+02,7.744786955468849210e-02
4.170000000000000000e+02,-6.479140179442337277e-02
4.180000000000000000e+02,7.739552939229404904e-02
4.190000000000000000e+02,-6.475885904971237506e-02
4.200000000000000000e+02,7.734218601166019391e-02
4.210000000000000000e+02,-6.472543024796925670e-02
4.220000000000000000e+02,7.728617545874397199e-02
4.230000000000000000e+02,-6.469195957462790803e-02
4.240000000000000000e+02,7.723216269757049446e-02
4.250000000000000000e+02,-6.465832101812352128e-02
4.260000000000000000e+02,7.718085487212632267e-02
4.270000000000000000e+02,-6.462781854751516175e-02
4.280000000000000000e+02,7.712879319881187079e-02
4.290000000000000000e+02,-6.459465184362439549e-02
4.300000000000000000e+02,7.707569942934486273e-02
4.310000000000000000e+02,-6.456146690370698216e-02
4.320000000000000000e+02,7.702420267747300819e-02
4.330000000000000000e+02,-6.452806301024473223e-02
4.340000000000000000e+02,7.697271134466816822e-02
4.350000000000000000e+02,-6.449483406347238101e-02
4.360000000000000000e+02,7.692154973728201894e-02
4.370000000000000000e+02,-6.446212991826182070e-02
4.380000000000000000e+02,7.687086765488905515e-02
4.390000000000000000e+02,-6.442868719238803443e-02
4.400000000000000000e+02,7.682072663129113632e-02
4.410000000000000000e+02,-6.439556698912556054e-02
4.420000000000000000e+02,7.677113648800568124e-02
4.430000000000000000e+02,-6.436218217637060257e-02
4.440000000000000000e+02,7.672152123461412065e-02
4.450000000000000000e+02,-6.432827475689258112e-02
4.460000000000000000e+02,7.667237673386008423e-02
4.470000000000000000e+02,-6.429508470703614031e-02
4.480000000000000000e+02,7.662380001699568843e-02
4.490000000000000000e+02,-6.426157406214724754e-02
4.500000000000000000e+02,7.657564364592636674e-02
4.510000000000000000e+02,-6.422765440387970259e-02
4.520000000000000000e+02,7.652762300213843127e-02
4.530000000000000000e+02,-6.419401467570939879e-02
4.540000000000000000e+02,7.648013605332620868e-02
4.550000000000000000e+02,-6.415996755241545890e-02
4.560000000000000000e+02,7.643297334174203872e-02
4.570000000000000000e+02,-6.412597774891071190e-02
4.580000000000000000e+02,7.638611449290613753e-02
4.590000000000000000e+02,-6.409191264911831554e-02
4.600000000000000000e+02,7.633977007192321862e-02
4.610000000000000000e+02,-6.405771334179390097e-02
4.620000000000000000e+02,7.629379912001529873e-02
4.630000000000000000e+02,-6.402340426117364425e-02
4.640000000000000000e+02,7.624803975178492954e-02
4.650000000000000000e+02,-6.398891997701330880e-02
4.660000000000000000e+02,7.620265964841900497e-02
4.670000000000000000e+02,-6.395433007734994957e-02
4.680000000000000000e+02,7.615771227043062475e-02
4.690000000000000000e+02,-6.391963828523981872e-02
4.700000000000000000e+02,7.611305738030084422e-02
4.710000000000000000e+02,-6.388480436367280357e-02
4.720000000000000000e+02,7.606875256818117215e-02
4.730000000000000000e+02,-6.384982721636839331e-02
4.740000000000000000e+02,7.602479897575610546e-02
4.750000000000000000e+02,-6.381476101101950238e-02
4.760000000000000000e+02,7.598116475317817642e-02
4.770000000000000000e+02,-6.377955233724469375e-02
4.780000000000000000e+02,7.593785681697144685e-02
4.790000000000000000e+02,-6.374419079875490168e-02
4.800000000000000000e+02,7.589488671147071042e-02
4.810000000000000000e+02,-6.370870032956592321e-02
4.820000000000000000e+02,7.585224183195270198e-02
4.830000000000000000e+02,-6.367306893105506571e-02
4.840000000000000000e+02,7.580990858332553595e-02
4.850000000000000000e+02,-6.363727996865903291e-02
4.860000000000000000e+02,7.576789197202728199e-02
4.870000000000000000e+02,-6.360135058169501254e-02
4.880000000000000000e+02,7.572618749318252296e-02
4.890000000000000000e+02,-6.356527097761349721e-02
4.900000000000000000e+02,7.568479258523133635e-02
4.910000000000000000e+02,-6.352903757219939551e-02
4.920000000000000000e+02,7.564370262693279057e-02
4.930000000000000000e+02,-6.349264901140780348e-02
4.940000000000000000e+02,7.560291323920129147e-02
4.950000000000000000e+02,-6.345610269753694521e-02
4.960000000000000000e+02,7.556242315213099192e-02
4.970000000000000000e+02,-6.341939508862454167e-02
4.980000000000000000e+02,7.552222812828542076e-02
4.990000000000000000e+02,-6.338252408310381114e-02
5.000000000000000000e+02,7.548232413100165739e-02
5.010000000000000000e+02,-6.334548687107788290e-02
5.020000000000000000e+02,7.544270864083170436e-02
5.030000000000000000e+02,-6.330828093498867826e-02
5.040000000000000000e+02,7.540337829378258860e-02
5.050000000000000000e+02,-6.327090341895283410e-02
5.060000000000000000e+02,7.536432998646103165e-02
5.070000000000000000e+02,-6.323335158845036497e-02
5.080000000000000000e+02,7.532556064079448666e-02
5.090000000000000000e+02,-6.319562267256068067e-02
5.100000000000000000e+02,7.528706724005705675e-02
5.110000000000000000e+02,-6.315771386686641620e-02
