# spatial freqs [1/mm], spectrum [a.u.]
-2.560000000000000000e+02,1.357019734751647277e+01
-2.550000000000000000e+02,1.255266059318614325e+01
-2.540000000000000000e+02,1.334779420317964949e+01
-2.530000000000000000e+02,1.255555678689492893e+01
-2.520000000000000000e+02,1.361534958148978802e+01
-2.510000000000000000e+02,1.209389007811039995e+01
-2.500000000000000000e+02,1.386679168049345634e+01
-2.490000000000000000e+02,1.323843903042718040e+01
-2.480000000000000000e+02,1.342028620622496682e+01
-2.470000000000000000e+02,1.298333147448434133e+01
-2.460000000000000000e+02,1.335589054514475471e+01
-2.450000000000000000e+02,1.308993761905583320e+01
-2.440000000000000000e+02,1.290224975848063060e+01
-2.430000000000000000e+02,1.303612201230432710e+01
-2.420000000000000000e+02,1.377994337401249858e+01
-2.410000000000000000e+02,1.308095534832379414e+01
-2.400000000000000000e+02,1.339297995761185689e+01
-2.390000000000000000e+02,1.287232034285802662e+01
-2.380000000000000000e+02,1.370972507315430988e+01
-2.370000000000000000e+02,1.318814036762569231e+01
-2.360000000000000000e+02,1.406035651897007277e+01
-2.350000000000000000e+02,1.316384135732053018e+01
-2.340000000000000000e+02,1.416054663346921316e+01
-2.330000000000000000e+02,1.291242820472041508e+01
-2.320000000000000000e+02,1.368479576832999456e+01
-2.310000000000000000e+02,1.297791728242375164e+01
-2.300000000000000000e+02,1.399148616980309079e+01
-2.290000000000000000e+02,1.347104285811209401e+01
-2.280000000000000000e+02,1.363412477462661698e+01
-2.270000000000000000e+02,1.276291978652815828e+01
-2.260000000000000000e+02,1.363334484240452049e+01
-2.250000000000000000e+02,1.292759557312193053e+01
-2.240000000000000000e+02,1.337589005734443859e+01
-2.230000000000000000e+02,1.323208991299136628e+01
-2.220000000000000000e+02,1.440008926568552461e+01
-2.210000000000000000e+02,1.292932548734036224e+01
-2.200000000000000000e+02,1.373386487127042521e+01
-2.190000000000000000e+02,1.262201470527887892e+01
-2.180000000000000000e+02,1.395395079228806168e+01
-2.170000000000000000e+02,1.352545936572093943e+01
-2.160000000000000000e+02,1.415461168925102875e+01
-2.150000000000000000e+02,1.395837905108478871e+01
-2.140000000000000000e+02,1.403761398246308900e+01
-2.130000000000000000e+02,1.362914921567695181e+01
-2.120000000000000000e+02,1.430903331936218237e+01
-2.110000000000000000e+02,1.366814615074710382e+01
-2.100000000000000000e+02,1.458126561432635171e+01
-2.090000000000000000e+02,1.424479047682337907e+01
-2.080000000000000000e+02,1.429224765340537395e+01
-2.070000000000000000e+02,1.441475933822824729e+01
-2.060000000000000000e+02,1.451113703770550956e+01
-2.050000000000000000e+02,1.393011396504650534e+01
-2.040000000000000000e+02,1.482200490676307680e+01
-2.030000000000000000e+02,1.529473338123700188e+01
-2.020000000000000000e+02,1.604535907620878987e+01
-2.010000000000000000e+02,1.459507332315466854e+01
-2.000000000000000000e+02,1.516605591087186156e+01
-1.990000000000000000e+02,1.481508722070952544e+01
-1.980000000000000000e+02,1.496522218340750676e+01
-1.970000000000000000e+02,1.507512056797793498e+01
-1.960000000000000000e+02,1.529288064737630748e+01
-1.950000000000000000e+02,1.533759389574733056e+01
-1.940000000000000000e+02,1.518326556118573301e+01
-1.930000000000000000e+02,1.464489659765449581e+01
-1.920000000000000000e+02,1.609888264911965194e+01
-1.910000000000000000e+02,1.556081054851008005e+01
-1.900000000000000000e+02,1.568347814932993245e+01
-1.890000000000000000e+02,1.552108858345541798e+01
-1.880000000000000000e+02,1.568235836011028184e+01
-1.870000000000000000e+02,1.525282082265454697e+01
-1.860000000000000000e+02,1.599635970195918588e+01
-1.850000000000000000e+02,1.474153842881300314e+01
-1.840000000000000000e+02,1.617477833725055447e+01
-1.830000000000000000e+02,1.530123580890811752e+01
-1.820000000000000000e+02,1.691122186917892023e+01
-1.810000000000000000e+02,1.640301665738054027e+01
-1.800000000000000000e+02,1.634951012840703655e+01
-1.790000000000000000e+02,1.558305071657774477e+01
-1.780000000000000000e+02,1.580902213896862030e+01
-1.770000000000000000e+02,1.534550544720355170e+01
-1.760000000000000000e+02,1.685519975745316756e+01
-1.750000000000000000e+02,1.551422185368091355e+01
-1.740000000000000000e+02,1.647415286897121334e+01
-1.730000000000000000e+02,1.580868631726282203e+01
-1.720000000000000000e+02,1.643709596049332688e+01
-1.710000000000000000e+02,1.594062661996245822e+01
-1.700000000000000000e+02,1.700171142940690672e+01
-1.690000000000000000e+02,1.579959640657968478e+01
-1.680000000000000000e+02,1.707432427954690368e+01
-1.670000000000000000e+02,1.600773560599256484e+01
-1.660000000000000000e+02,1.679391158011996055e+01
-1.650000000000000000e+02,1.643569161643304000e+01
-1.640000000000000000e+02,1.799404821319799908e+01
-1.630000000000000000e+02,1.655850097965043588e+01
-1.620000000000000000e+02,1.717982780322254754e+01
-1.610000000000000000e+02,1.704107617336700642e+01
-1.600000000000000000e+02,1.790051217096447544e+01
-1.590000000000000000e+02,1.686949622713721197e+01
-1.580000000000000000e+02,1.793786831693675765e+01
-1.570000000000000000e+02,1.756681715769842356e+01
-1.560000000000000000e+02,1.825614348306273271e+01
-1.550000000000000000e+02,1.874738104913541292e+01
-1.540000000000000000e+02,1.894378690576859725e+01
-1.530000000000000000e+02,1.897266625740828516e+01
-1.520000000000000000e+02,2.071732861248489144e+01
-1.510000000000000000e+02,1.935993235440924920e+01
-1.500000000000000000e+02,2.011005074235570689e+01
-1.490000000000000000e+02,1.884301914420667501e+01
-1.480000000000000000e+02,2.054000169660398001e+01
-1.470000000000000000e+02,2.107999991343415402e+01
-1.460000000000000000e+02,2.187283908082557460e+01
-1.450000000000000000e+02,2.050565914498509912e+01
-1.440000000000000000e+02,2.278404764761167556e+01
-1.430000000000000000e+02,2.145631231416703955e+01
-1.420000000000000000e+02,2.360107864593215510e+01
-1.410000000000000000e+02,2.390983654184907081e+01
-1.400000000000000000e+02,2.392967583291358480e+01
-1.390000000000000000e+02,2.301280389281952310e+01
-1.380000000000000000e+02,2.534532448708079144e+01
-1.370000000000000000e+02,2.379871732245238292e+01
-1.360000000000000000e+02,2.382102684509446533e+01
-1.350000000000000000e+02,2.504602144172045541e+01
-1.340000000000000000e+02,2.623112563167636324e+01
-1.330000000000000000e+02,2.524107239441104866e+01
-1.320000000000000000e+02,2.551345774638708974e+01
-1.310000000000000000e+02,2.405201764641094897e+01
-1.300000000000000000e+02,2.534192462129680834e+01
-1.290000000000000000e+02,2.576063876137216013e+01
-1.280000000000000000e+02,2.748158181073671358e+01
-1.270000000000000000e+02,2.492695537060403410e+01
-1.260000000000000000e+02,2.591130616110526930e+01
-1.250000000000000000e+02,2.640371593092462632e+01
-1.240000000000000000e+02,2.663904140660596553e+01
-1.230000000000000000e+02,2.679121407646713493e+01
-1.220000000000000000e+02,2.790076018950707848e+01
-1.210000000000000000e+02,2.521159244412728384e+01
-1.200000000000000000e+02,2.780418524827582516e+01
-1.190000000000000000e+02,2.513721860700352906e+01
-1.180000000000000000e+02,2.842735972042146031e+01
-1.170000000000000000e+02,2.583870184219835409e+01
-1.160000000000000000e+02,2.908043105346516199e+01
-1.150000000000000000e+02,2.573720960598515006e+01
-1.140000000000000000e+02,2.930049812156707034e+01
-1.130000000000000000e+02,2.908862241124265324e+01
-1.120000000000000000e+02,3.152975389457023780e+01
-1.110000000000000000e+02,2.904216222570122952e+01
-1.100000000000000000e+02,3.327364653362747760e+01
-1.090000000000000000e+02,3.108209292376845667e+01
-1.080000000000000000e+02,3.232640307034215965e+01
-1.070000000000000000e+02,3.328425084679040680e+01
-1.060000000000000000e+02,3.541600041251148667e+01
-1.050000000000000000e+02,3.500499196054923345e+01
-1.040000000000000000e+02,3.957572768604963187e+01
-1.030000000000000000e+02,3.802858267527918201e+01
-1.020000000000000000e+02,4.222311254052056029e+01
-1.010000000000000000e+02,4.176151695451736146e+01
-1.000000000000000000e+02,4.339478051827872207e+01
-9.900000000000000000e+01,4.541070142038810786e+01
-9.800000000000000000e+01,4.390132078839590690e+01
-9.700000000000000000e+01,4.857037760841351570e+01
-9.600000000000000000e+01,4.924652026320794818e+01
-9.500000000000000000e+01,5.075842183947920461e+01
-9.400000000000000000e+01,6.043565916731692056e+01
-9.300000000000000000e+01,6.551930347380920239e+01
-9.200000000000000000e+01,6.156035140115352533e+01
-9.100000000000000000e+01,6.943714334246899966e+01
-9.000000000000000000e+01,7.422432429966404754e+01
-8.900000000000000000e+01,7.011529824531577049e+01
-8.800000000000000000e+01,7.263718204918562549e+01
-8.700000000000000000e+01,7.346193840241453188e+01
-8.600000000000000000e+01,8.161438720629180921e+01
-8.500000000000000000e+01,8.717164488403051337e+01
-8.400000000000000000e+01,9.079511516735718146e+01
-8.300000000000000000e+01,9.514545762459296441e+01
-8.200000000000000000e+01,9.817856346061421391e+01
-8.100000000000000000e+01,1.001776404046874518e+02
-8.000000000000000000e+01,1.202672506517088920e+02
-7.900000000000000000e+01,1.058249028835344205e+02
-7.800000000000000000e+01,1.249999533199131605e+02
-7.700000000000000000e+01,1.273174972857844125e+02
-7.600000000000000000e+01,1.371298880394957678e+02
-7.500000000000000000e+01,1.420675540607391554e+02
-7.400000000000000000e+01,1.411575402414293592e+02
-7.300000000000000000e+01,1.411312254143536506e+02
-7.200000000000000000e+01,1.595862292382678334e+02
-7.100000000000000000e+01,1.515684228611368383e+02
-7.000000000000000000e+01,1.761959933582805320e+02
-6.900000000000000000e+01,1.591148706036338751e+02
-6.800000000000000000e+01,1.939855052475963078e+02
-6.700000000000000000e+01,1.688098869832041942e+02
-6.600000000000000000e+01,1.832953344696923068e+02
-6.500000000000000000e+01,1.989574378322772077e+02
-6.400000000000000000e+01,2.004723346950046050e+02
-6.300000000000000000e+01,1.875196732947802332e+02
-6.200000000000000000e+01,2.193644271107284851e+02
-6.100000000000000000e+01,2.304715263776460290e+02
-6.000000000000000000e+01,2.173160319863291079e+02
-5.900000000000000000e+01,2.270143196004608228e+02
-5.800000000000000000e+01,2.460094703716567039e+02
-5.700000000000000000e+01,2.623092121080950392e+02
-5.600000000000000000e+01,2.553536974123561833e+02
-5.500000000000000000e+01,2.599019276424004374e+02
-5.400000000000000000e+01,2.836089816850569036e+02
-5.300000000000000000e+01,2.765454748529020321e+02
-5.200000000000000000e+01,2.476232141297782334e+02
-5.100000000000000000e+01,2.757033410654128147e+02
-5.000000000000000000e+01,2.927744524505641266e+02
-4.900000000000000000e+01,2.948518218459059881e+02
-4.800000000000000000e+01,2.847968207016528481e+02
-4.700000000000000000e+01,3.006785227657748010e+02
-4.600000000000000000e+01,3.123224903092432783e+02
-4.500000000000000000e+01,3.054343788188400026e+02
-4.400000000000000000e+01,3.162145206648913813e+02
-4.300000000000000000e+01,3.063548683517037148e+02
-4.200000000000000000e+01,3.477401225728682448e+02
-4.100000000000000000e+01,3.461908941512885463e+02
-4.000000000000000000e+01,3.401102281234364568e+02
-3.900000000000000000e+01,3.550938334395093534e+02
-3.800000000000000000e+01,4.120111237577268639e+02
-3.700000000000000000e+01,3.552747391203829466e+02
-3.600000000000000000e+01,3.639237332068847195e+02
-3.500000000000000000e+01,3.602261680390321885e+02
-3.400000000000000000e+01,3.698917872179277424e+02
-3.300000000000000000e+01,3.586795094011782226e+02
-3.200000000000000000e+01,4.247043666509748050e+02
-3.100000000000000000e+01,4.197245631172800131e+02
-3.000000000000000000e+01,4.229744962766401954e+02
-2.900000000000000000e+01,3.792100962345638209e+02
-2.800000000000000000e+01,4.737537232204300608e+02
-2.700000000000000000e+01,4.301859120923731439e+02
-2.600000000000000000e+01,4.384103110512035641e+02
-2.500000000000000000e+01,4.398787149498408553e+02
-2.400000000000000000e+01,4.214161603710613235e+02
-2.300000000000000000e+01,4.562541674904908291e+02
-2.200000000000000000e+01,5.048810367764905322e+02
-2.100000000000000000e+01,4.472880995530618407e+02
-2.000000000000000000e+01,4.592237378608988934e+02
-1.900000000000000000e+01,4.569877250588781976e+02
-1.800000000000000000e+01,4.932502160671895126e+02
-1.700000000000000000e+01,5.493309520637939158e+02
-1.600000000000000000e+01,5.473132117547436337e+02
-1.500000000000000000e+01,5.166101438127384426e+02
-1.400000000000000000e+01,5.700484896162170116e+02
-1.300000000000000000e+01,5.691924936591020696e+02
-1.200000000000000000e+01,6.335361800664305747e+02
-1.100000000000000000e+01,6.964896081144967184e+02
-1.000000000000000000e+01,7.479427935133193159e+02
-9.000000000000000000e+00,9.007722705442535016e+02
-8.000000000000000000e+00,1.024916864168847496e+03
-7.000000000000000000e+00,1.241126334160931719e+03
-6.000000000000000000e+00,1.598134210047015358e+03
-5.000000000000000000e+00,2.054392381299848239e+03
-4.000000000000000000e+00,3.492442540525823460e+03
-3.000000000000000000e+00,5.923302854774745356e+03
-2.000000000000000000e+00,1.113986452854884919e+04
-1.000000000000000000e+00,1.707625992459561530e+04
0.000000000000000000e+00,1.838490035547795560e+04
1.000000000000000000e+00,1.707625992459561166e+04
2.000000000000000000e+00,1.113986452854884737e+04
3.000000000000000000e+00,5.923302854774744446e+03
4.000000000000000000e+00,3.492442540525823915e+03
5.000000000000000000e+00,2.054392381299847784e+03
6.000000000000000000e+00,1.598134210047016040e+03
7.000000000000000000e+00,1.241126334160931947e+03
8.000000000000000000e+00,1.024916864168849088e+03
9.000000000000000000e+00,9.007722705442530469e+02
1.000000000000000000e+01,7.479427935133203391e+02
1.100000000000000000e+01,6.964896081144970594e+02
1.200000000000000000e+01,6.335361800664301200e+02
1.300000000000000000e+01,5.691924936591009327e+02
1.400000000000000000e+01,5.700484896162180348e+02
1.500000000000000000e+01,5.166101438127382153e+02
1.600000000000000000e+01,5.473132117547439748e+02
1.700000000000000000e+01,5.493309520637931200e+02
1.800000000000000000e+01,4.932502160671899105e+02
1.900000000000000000e+01,4.569877250588780839e+02
2.000000000000000000e+01,4.592237378608992913e+02
2.100000000000000000e+01,4.472880995530617838e+02
2.200000000000000000e+01,5.048810367764910438e+02
2.300000000000000000e+01,4.562541674904908291e+02
2.400000000000000000e+01,4.214161603710610393e+02
2.500000000000000000e+01,4.398787149498411964e+02
2.600000000000000000e+01,4.384103110512032231e+02
2.700000000000000000e+01,4.301859120923728597e+02
2.800000000000000000e+01,4.737537232204300039e+02
2.900000000000000000e+01,3.792100962345638209e+02
3.000000000000000000e+01,4.229744962766398544e+02
3.100000000000000000e+01,4.197245631172798994e+02
3.200000000000000000e+01,4.247043666509747482e+02
3.300000000000000000e+01,3.586795094011783362e+02
3.400000000000000000e+01,3.698917872179274582e+02
3.500000000000000000e+01,3.602261680390321317e+02
3.600000000000000000e+01,3.639237332068847763e+02
3.700000000000000000e+01,3.552747391203832876e+02
3.800000000000000000e+01,4.120111237577272050e+02
3.900000000000000000e+01,3.550938334395098650e+02
4.000000000000000000e+01,3.401102281234362295e+02
4.100000000000000000e+01,3.461908941512887168e+02
4.200000000000000000e+01,3.477401225728688701e+02
4.300000000000000000e+01,3.063548683517037148e+02
4.400000000000000000e+01,3.162145206648913813e+02
4.500000000000000000e+01,3.054343788188400026e+02
4.600000000000000000e+01,3.123224903092429372e+02
4.700000000000000000e+01,3.006785227657752557e+02
4.800000000000000000e+01,2.847968207016526776e+02
4.900000000000000000e+01,2.948518218459063860e+02
5.000000000000000000e+01,2.927744524505646950e+02
5.100000000000000000e+01,2.757033410654129852e+02
5.200000000000000000e+01,2.476232141297785461e+02
5.300000000000000000e+01,2.765454748529022027e+02
5.400000000000000000e+01,2.836089816850566763e+02
5.500000000000000000e+01,2.599019276423998122e+02
5.600000000000000000e+01,2.553536974123560697e+02
5.700000000000000000e+01,2.623092121080954371e+02
5.800000000000000000e+01,2.460094703716562208e+02
5.900000000000000000e+01,2.270143196004607091e+02
6.000000000000000000e+01,2.173160319863291932e+02
6.100000000000000000e+01,2.304715263776453469e+02
6.200000000000000000e+01,2.193644271107289683e+02
6.300000000000000000e+01,1.875196732947795510e+02
6.400000000000000000e+01,2.004723346950043492e+02
6.500000000000000000e+01,1.989574378322761561e+02
6.600000000000000000e+01,1.832953344696925910e+02
6.700000000000000000e+01,1.688098869832049900e+02
6.800000000000000000e+01,1.939855052475968762e+02
6.900000000000000000e+01,1.591148706036333635e+02
7.000000000000000000e+01,1.761959933582800772e+02
7.100000000000000000e+01,1.515684228611371793e+02
7.200000000000000000e+01,1.595862292382677481e+02
7.300000000000000000e+01,1.411312254143533949e+02
7.400000000000000000e+01,1.411575402414300697e+02
7.500000000000000000e+01,1.420675540607389564e+02
7.600000000000000000e+01,1.371298880394956541e+02
7.700000000000000000e+01,1.273174972857842846e+02
7.800000000000000000e+01,1.249999533199131889e+02
7.900000000000000000e+01,1.058249028835346053e+02
8.000000000000000000e+01,1.202672506517089772e+02
8.100000000000000000e+01,1.001776404046873239e+02
8.200000000000000000e+01,9.817856346061356021e+01
8.300000000000000000e+01,9.514545762459253808e+01
8.400000000000000000e+01,9.079511516735723831e+01
8.500000000000000000e+01,8.717164488403030020e+01
8.600000000000000000e+01,8.161438720629193710e+01
8.700000000000000000e+01,7.346193840241409134e+01
8.800000000000000000e+01,7.263718204918538390e+01
8.900000000000000000e+01,7.011529824531598365e+01
9.000000000000000000e+01,7.422432429966353595e+01
9.100000000000000000e+01,6.943714334246956810e+01
9.200000000000000000e+01,6.156035140115346138e+01
9.300000000000000000e+01,6.551930347380934450e+01
9.400000000000000000e+01,6.043565916731601106e+01
9.500000000000000000e+01,5.075842183947855801e+01
9.600000000000000000e+01,4.924652026320808318e+01
9.700000000000000000e+01,4.857037760841414098e+01
9.800000000000000000e+01,4.390132078839619112e+01
9.900000000000000000e+01,4.541070142038785917e+01
1.000000000000000000e+02,4.339478051827908445e+01
1.010000000000000000e+02,4.176151695451739698e+01
1.020000000000000000e+02,4.222311254052061003e+01
1.030000000000000000e+02,3.802858267527918201e+01
1.040000000000000000e+02,3.957572768604936897e+01
1.050000000000000000e+02,3.500499196054869344e+01
1.060000000000000000e+02,3.541600041251167141e+01
1.070000000000000000e+02,3.328425084679046364e+01
1.080000000000000000e+02,3.232640307034215965e+01
1.090000000000000000e+02,3.108209292376901089e+01
1.100000000000000000e+02,3.327364653362774760e+01
1.110000000000000000e+02,2.904216222570175177e+01
1.120000000000000000e+02,3.152975389457008859e+01
1.130000000000000000e+02,2.908862241124217007e+01
1.140000000000000000e+02,2.930049812156671507e+01
1.150000000000000000e+02,2.573720960598459939e+01
1.160000000000000000e+02,2.908043105346486712e+01
1.170000000000000000e+02,2.583870184219832211e+01
1.180000000000000000e+02,2.842735972042164150e+01
1.190000000000000000e+02,2.513721860700358235e+01
1.200000000000000000e+02,2.780418524827587845e+01
1.210000000000000000e+02,2.521159244412736200e+01
1.220000000000000000e+02,2.790076018950709269e+01
1.230000000000000000e+02,2.679121407646715269e+01
1.240000000000000000e+02,2.663904140660596909e+01
1.250000000000000000e+02,2.640371593092530844e+01
1.260000000000000000e+02,2.591130616110532259e+01
1.270000000000000000e+02,2.492695537060407318e+01
1.280000000000000000e+02,2.748158181073613804e+01
1.290000000000000000e+02,2.576063876137219921e+01
1.300000000000000000e+02,2.534192462129769652e+01
1.310000000000000000e+02,2.405201764641037343e+01
1.320000000000000000e+02,2.551345774638709329e+01
1.330000000000000000e+02,2.524107239441127959e+01
1.340000000000000000e+02,2.623112563167637745e+01
1.350000000000000000e+02,2.504602144172105938e+01
1.360000000000000000e+02,2.382102684509462165e+01
1.370000000000000000e+02,2.379871732245232963e+01
1.380000000000000000e+02,2.534532448708097263e+01
1.390000000000000000e+02,2.301280389281938810e+01
1.400000000000000000e+02,2.392967583291375888e+01
1.410000000000000000e+02,2.390983654185013663e+01
1.420000000000000000e+02,2.360107864593252813e+01
1.430000000000000000e+02,2.145631231416702889e+01
1.440000000000000000e+02,2.278404764761178569e+01
1.450000000000000000e+02,2.050565914498588072e+01
1.460000000000000000e+02,2.187283908082605066e+01
1.470000000000000000e+02,2.107999991343358559e+01
1.480000000000000000e+02,2.054000169660398001e+01
1.490000000000000000e+02,1.884301914420741397e+01
1.500000000000000000e+02,2.011005074235513135e+01
1.510000000000000000e+02,1.935993235440920301e+01
1.520000000000000000e+02,2.071732861248468183e+01
1.530000000000000000e+02,1.897266625740836332e+01
1.540000000000000000e+02,1.894378690576904134e+01
1.550000000000000000e+02,1.874738104913534897e+01
1.560000000000000000e+02,1.825614348306309864e+01
1.570000000000000000e+02,1.756681715769914121e+01
1.580000000000000000e+02,1.793786831693644501e+01
1.590000000000000000e+02,1.686949622713849095e+01
1.600000000000000000e+02,1.790051217096429426e+01
1.610000000000000000e+02,1.704107617336583758e+01
1.620000000000000000e+02,1.717982780322178726e+01
1.630000000000000000e+02,1.655850097964929191e+01
1.640000000000000000e+02,1.799404821319788894e+01
1.650000000000000000e+02,1.643569161643309684e+01
1.660000000000000000e+02,1.679391158011995344e+01
1.670000000000000000e+02,1.600773560599253287e+01
1.680000000000000000e+02,1.707432427954690723e+01
1.690000000000000000e+02,1.579959640657957465e+01
1.700000000000000000e+02,1.700171142940656210e+01
1.710000000000000000e+02,1.594062661996269981e+01
1.720000000000000000e+02,1.643709596049337307e+01
1.730000000000000000e+02,1.580868631726280249e+01
1.740000000000000000e+02,1.647415286897124176e+01
1.750000000000000000e+02,1.551422185368131856e+01
1.760000000000000000e+02,1.685519975745348731e+01
1.770000000000000000e+02,1.534550544720331011e+01
1.780000000000000000e+02,1.580902213896863273e+01
1.790000000000000000e+02,1.558305071657756180e+01
1.800000000000000000e+02,1.634951012840702589e+01
1.810000000000000000e+02,1.640301665738050119e+01
1.820000000000000000e+02,1.691122186917930037e+01
1.830000000000000000e+02,1.530123580890843193e+01
1.840000000000000000e+02,1.617477833725087066e+01
1.850000000000000000e+02,1.474153842881346144e+01
1.860000000000000000e+02,1.599635970195901713e+01
1.870000000000000000e+02,1.525282082265459849e+01
1.880000000000000000e+02,1.568235836011034756e+01
1.890000000000000000e+02,1.552108858345547127e+01
1.900000000000000000e+02,1.568347814932991824e+01
1.910000000000000000e+02,1.556081054851159529e+01
1.920000000000000000e+02,1.609888264911960221e+01
1.930000000000000000e+02,1.464489659765305873e+01
1.940000000000000000e+02,1.518326556118595505e+01
1.950000000000000000e+02,1.533759389574716003e+01
1.960000000000000000e+02,1.529288064737612451e+01
1.970000000000000000e+02,1.507512056797786926e+01
1.980000000000000000e+02,1.496522218340798993e+01
1.990000000000000000e+02,1.481508722070968176e+01
2.000000000000000000e+02,1.516605591087220084e+01
2.010000000000000000e+02,1.459507332315529560e+01
2.020000000000000000e+02,1.604535907620860513e+01
2.030000000000000000e+02,1.529473338123749926e+01
2.040000000000000000e+02,1.482200490676314253e+01
2.050000000000000000e+02,1.393011396504668831e+01
2.060000000000000000e+02,1.451113703770493402e+01
2.070000000000000000e+02,1.441475933822803768e+01
2.080000000000000000e+02,1.429224765340500802e+01
2.090000000000000000e+02,1.424479047682400612e+01
2.100000000000000000e+02,1.458126561432640322e+01
2.110000000000000000e+02,1.366814615074712869e+01
2.120000000000000000e+02,1.430903331936273126e+01
2.130000000000000000e+02,1.362914921567721294e+01
2.140000000000000000e+02,1.403761398246358461e+01
2.150000000000000000e+02,1.395837905108442278e+01
2.160000000000000000e+02,1.415461168925079249e+01
2.170000000000000000e+02,1.352545936571989493e+01
2.180000000000000000e+02,1.395395079228735646e+01
2.190000000000000000e+02,1.262201470527882563e+01
2.200000000000000000e+02,1.373386487127065969e+01
2.210000000000000000e+02,1.292932548734067488e+01
2.220000000000000000e+02,1.440008926568622982e+01
2.230000000000000000e+02,1.323208991299251558e+01
2.240000000000000000e+02,1.337589005734472636e+01
2.250000000000000000e+02,1.292759557312237639e+01
2.260000000000000000e+02,1.363334484240441569e+01
2.270000000000000000e+02,1.276291978652826309e+01
2.280000000000000000e+02,1.363412477462622618e+01
2.290000000000000000e+02,1.347104285811164992e+01
2.300000000000000000e+02,1.399148616980262005e+01
2.310000000000000000e+02,1.297791728242367348e+01
2.320000000000000000e+02,1.368479576833017752e+01
2.330000000000000000e+02,1.291242820472085917e+01
2.340000000000000000e+02,1.416054663346916165e+01
2.350000000000000000e+02,1.316384135732092098e+01
2.360000000000000000e+02,1.406035651897025573e+01
2.370000000000000000e+02,1.318814036762610975e+01
2.380000000000000000e+02,1.370972507315420508e+01
2.390000000000000000e+02,1.287232034285792182e+01
2.400000000000000000e+02,1.339297995761201321e+01
2.410000000000000000e+02,1.308095534832452600e+01
2.420000000000000000e+02,1.377994337401270819e+01
2.430000000000000000e+02,1.303612201230422230e+01
2.440000000000000000e+02,1.290224975848120614e+01
2.450000000000000000e+02,1.308993761905557207e+01
2.460000000000000000e+02,1.335589054514438878e+01
2.470000000000000000e+02,1.298333147448434133e+01
2.480000000000000000e+02,1.342028620622486201e+01
2.490000000000000000e+02,1.323843903042739001e+01
2.500000000000000000e+02,1.386679168049397859e+01
2.510000000000000000e+02,1.209389007811060956e+01
2.520000000000000000e+02,1.361534958149083252e+01
2.530000000000000000e+02,1.255555678689492893e+01
2.540000000000000000e+02,1.334779420317881460e+01
2.550000000000000000e+02,1.255266059318781480e+01
