# spatial freqs [1/mm], spectrum [a.u.]
-5.120000000000000000e+02,4.471829699931133273e-02
-5.110000000000000000e+02,-2.241251091225442485e-02
-5.100000000000000000e+02,4.470016770963498171e-02
-5.090000000000000000e+02,-2.239375501851515946e-02
-5.080000000000000000e+02,4.468249003372193329e-02
-5.070000000000000000e+02,-2.237460945605863546e-02
-5.060000000000000000e+02,4.466526271909250501e-02
-5.050000000000000000e+02,-2.235507272569388360e-02
-5.040000000000000000e+02,4.464848459299215061e-02
-5.030000000000000000e+02,-2.233514326671024244e-02
-5.020000000000000000e+02,4.463215456326063979e-02
-5.010000000000000000e+02,-2.231481946388675502e-02
-5.000000000000000000e+02,4.461627169819741556e-02
-4.990000000000000000e+02,-2.229409931595015965e-02
-4.980000000000000000e+02,4.460083518519496193e-02
-4.970000000000000000e+02,-2.227298133618127798e-02
-4.960000000000000000e+02,4.458584414827451020e-02
-4.950000000000000000e+02,-2.225146349631824602e-02
-4.940000000000000000e+02,4.457129799507066753e-02
-4.930000000000000000e+02,-2.222954320718879134e-02
-4.920000000000000000e+02,4.455719578198172326e-02
-4.910000000000000000e+02,-2.220721950433320047e-02
-4.900000000000000000e+02,4.454353866710501764e-02
-4.890000000000000000e+02,-2.218448841801389307e-02
-4.880000000000000000e+02,4.453032461486232385e-02
-4.870000000000000000e+02,-2.216135008875176268e-02
-4.860000000000000000e+02,4.451755541242884140e-02
-4.850000000000000000e+02,-2.213779708009972966e-02
-4.840000000000000000e+02,4.450522900226090012e-02
-4.830000000000000000e+02,-2.211383574955852124e-02
-4.820000000000000000e+02,4.449334940724587739e-02
-4.810000000000000000e+02,-2.208944918156797652e-02
-4.800000000000000000e+02,4.448190893208935071e-02
-4.790000000000000000e+02,-2.206464989582856626e-02
-4.780000000000000000e+02,4.447092502314168444e-02
-4.770000000000000000e+02,-2.203941863520551825e-02
-4.760000000000000000e+02,4.446038000929175560e-02
-4.750000000000000000e+02,-2.201375805261054572e-02
-4.740000000000000000e+02,4.445028214634232783e-02
-4.730000000000000000e+02,-2.198765474001303580e-02
-4.720000000000000000e+02,4.444065476583543978e-02
-4.710000000000000000e+02,-2.196112840565998814e-02
-4.700000000000000000e+02,4.443144970019492074e-02
-4.690000000000000000e+02,-2.193416905913217474e-02
-4.680000000000000000e+02,4.442272231220509293e-02
-4.670000000000000000e+02,-2.190674780465928437e-02
-4.660000000000000000e+02,4.441446085550285888e-02
-4.650000000000000000e+02,-2.187887849112188018e-02
-4.640000000000000000e+02,4.440668318256107971e-02
-4.630000000000000000e+02,-2.185049705094606332e-02
-4.620000000000000000e+02,4.439928251545749438e-02
-4.610000000000000000e+02,-2.182172556390442678e-02
-4.600000000000000000e+02,4.439239747572881756e-02
-4.590000000000000000e+02,-2.179237384637778760e-02
-4.580000000000000000e+02,4.438606887692881503e-02
-4.570000000000000000e+02,-2.176266456645590749e-02
-4.560000000000000000e+02,4.438020602080724325e-02
-4.550000000000000000e+02,-2.173238250256407170e-02
-4.540000000000000000e+02,4.437476888132692310e-02
-4.530000000000000000e+02,-2.170161640391633437e-02
-4.520000000000000000e+02,4.436990131255571373e-02
-4.510000000000000000e+02,-2.167022016649833294e-02
-4.500000000000000000e+02,4.436543595713601101e-02
-4.490000000000000000e+02,-2.163860964760668318e-02
-4.480000000000000000e+02,4.436151386610412417e-02
-4.470000000000000000e+02,-2.160624631651567040e-02
-4.460000000000000000e+02,4.435826418823794748e-02
-4.450000000000000000e+02,-2.157333091531984937e-02
-4.440000000000000000e+02,4.435555694191734705e-02
-4.430000000000000000e+02,-2.153957794676375839e-02
-4.420000000000000000e+02,4.435343794933756245e-02
-4.410000000000000000e+02,-2.150583891010966406e-02
-4.400000000000000000e+02,4.435147156735102375e-02
-4.390000000000000000e+02,-2.147110321070532998e-02
-4.380000000000000000e+02,4.435058776899241523e-02
-4.370000000000000000e+02,-2.143582636260939894e-02
-4.360000000000000000e+02,4.434968039975317744e-02
-4.350000000000000000e+02,-2.139954034566175778e-02
-4.340000000000000000e+02,4.435031533685789007e-02
-4.330000000000000000e+02,-2.136295226944614004e-02
-4.320000000000000000e+02,4.435103325072048408e-02
-4.310000000000000000e+02,-2.132574248398400735e-02
-4.300000000000000000e+02,4.435255424485320258e-02
-4.290000000000000000e+02,-2.128745684773580837e-02
-4.280000000000000000e+02,4.435437957231403577e-02
-4.270000000000000000e+02,-2.125010038688529557e-02
-4.260000000000000000e+02,4.435709653350068671e-02
-4.250000000000000000e+02,-2.120954796409759563e-02
-4.240000000000000000e+02,4.436078050324492039e-02
-4.230000000000000000e+02,-2.116799863517233871e-02
-4.220000000000000000e+02,4.436395498086150718e-02
-4.210000000000000000e+02,-2.112814955524149399e-02
-4.200000000000000000e+02,4.437229673415733072e-02
-4.190000000000000000e+02,-2.108628381497333268e-02
-4.180000000000000000e+02,4.437581393809753028e-02
-4.170000000000000000e+02,-2.104267159668556444e-02
-4.160000000000000000e+02,4.438413895399485887e-02
-4.150000000000000000e+02,-2.099867639531389010e-02
-4.140000000000000000e+02,4.438961580027160625e-02
-4.130000000000000000e+02,-2.095277746109531700e-02
-4.120000000000000000e+02,4.440076239050918389e-02
-4.110000000000000000e+02,-2.090624921434039440e-02
-4.100000000000000000e+02,4.440900108941946145e-02
-4.090000000000000000e+02,-2.086186864804809304e-02
-4.080000000000000000e+02,4.441816275023574567e-02
-4.070000000000000000e+02,-2.081284564969324014e-02
-4.060000000000000000e+02,4.442920598323634590e-02
-4.050000000000000000e+02,-2.076499930513099612e-02
-4.040000000000000000e+02,4.444746837971037812e-02
-4.030000000000000000e+02,-2.071195359068306319e-02
-4.020000000000000000e+02,4.445702430690087748e-02
-4.010000000000000000e+02,-2.066573100400169796e-02
-4.000000000000000000e+02,4.447375805254693421e-02
-3.990000000000000000e+02,-2.060929073985262941e-02
-3.980000000000000000e+02,4.449390419690030934e-02
-3.970000000000000000e+02,-2.055560748537017118e-02
-3.960000000000000000e+02,4.450991764957400176e-02
-3.950000000000000000e+02,-2.049799911469664046e-02
-3.940000000000000000e+02,4.452466346529227598e-02
-3.930000000000000000e+02,-2.044014327461320807e-02
-3.920000000000000000e+02,4.455409130060862533e-02
-3.910000000000000000e+02,-2.037883504285218153e-02
-3.900000000000000000e+02,4.457983062740197844e-02
-3.890000000000000000e+02,-2.032499087335069843e-02
-3.880000000000000000e+02,4.460332430821541821e-02
-3.870000000000000000e+02,-2.025786108908633060e-02
-3.860000000000000000e+02,4.463149624091175549e-02
-3.850000000000000000e+02,-2.019703405103879384e-02
-3.840000000000000000e+02,4.465408487758742301e-02
-3.830000000000000000e+02,-2.012979785224821780e-02
-3.820000000000000000e+02,4.466797641082406040e-02
-3.810000000000000000e+02,-2.005121083999032022e-02
-3.800000000000000000e+02,4.470331385006742070e-02
-3.790000000000000000e+02,-1.999324887886118687e-02
-3.780000000000000000e+02,4.475507258964739332e-02
-3.770000000000000000e+02,-1.990464696874311851e-02
-3.760000000000000000e+02,4.478067420632681622e-02
-3.750000000000000000e+02,-1.983658050946458459e-02
-3.740000000000000000e+02,4.482191864153579203e-02
-3.730000000000000000e+02,-1.976545973315186819e-02
-3.720000000000000000e+02,4.487204428775708881e-02
-3.710000000000000000e+02,-1.967955832590705459e-02
-3.700000000000000000e+02,4.489748197976826255e-02
-3.690000000000000000e+02,-1.960064420594711046e-02
-3.680000000000000000e+02,4.495493483479866964e-02
-3.670000000000000000e+02,-1.952335686988816016e-02
-3.660000000000000000e+02,4.499907656324432514e-02
-3.650000000000000000e+02,-1.942948794139201171e-02
-3.640000000000000000e+02,4.504470654990903877e-02
-3.630000000000000000e+02,-1.933637739208726031e-02
-3.620000000000000000e+02,4.510715314851642538e-02
-3.610000000000000000e+02,-1.925245193954643053e-02
-3.600000000000000000e+02,4.514462252131802578e-02
-3.590000000000000000e+02,-1.913683780011719848e-02
-3.580000000000000000e+02,4.522143526409407033e-02
-3.570000000000000000e+02,-1.905008213940011935e-02
-3.560000000000000000e+02,4.528147906790413318e-02
-3.550000000000000000e+02,-1.892748847290766021e-02
-3.540000000000000000e+02,4.532173846636401021e-02
-3.530000000000000000e+02,-1.884469025447546922e-02
-3.520000000000000000e+02,4.541811218327522492e-02
-3.510000000000000000e+02,-1.870770876979995986e-02
-3.500000000000000000e+02,4.549683013391626202e-02
-3.490000000000000000e+02,-1.860533261280709894e-02
-3.480000000000000000e+02,4.551606370927840928e-02
-3.470000000000000000e+02,-1.848522858818254372e-02
-3.460000000000000000e+02,4.567075352314487607e-02
-3.450000000000000000e+02,-1.836054834949610998e-02
-3.440000000000000000e+02,4.576275287097702343e-02
-3.430000000000000000e+02,-1.818776187910253403e-02
-3.420000000000000000e+02,4.586369821675151393e-02
-3.410000000000000000e+02,-1.813966863859112558e-02
-3.400000000000000000e+02,4.586724708902527314e-02
-3.390000000000000000e+02,-1.802291250087372301e-02
-3.380000000000000000e+02,4.597435712916306955e-02
-3.370000000000000000e+02,-1.780337018230011142e-02
-3.360000000000000000e+02,4.610223371597706871e-02
-3.350000000000000000e+02,-1.772143125479161418e-02
-3.340000000000000000e+02,4.616779641354414737e-02
-3.330000000000000000e+02,-1.757515708869146487e-02
-3.320000000000000000e+02,4.633591529503864465e-02
-3.310000000000000000e+02,-1.736774023000205516e-02
-3.300000000000000000e+02,4.648870743283853302e-02
-3.290000000000000000e+02,-1.722310042262048882e-02
-3.280000000000000000e+02,4.652666702866339876e-02
-3.270000000000000000e+02,-1.700092890525758266e-02
-3.260000000000000000e+02,4.662209952881866265e-02
-3.250000000000000000e+02,-1.685446168997582414e-02
-3.240000000000000000e+02,4.671822378134719150e-02
-3.230000000000000000e+02,-1.672150308458069529e-02
-3.220000000000000000e+02,4.701980301482255181e-02
-3.210000000000000000e+02,-1.658200945094698980e-02
-3.200000000000000000e+02,4.698618790608704437e-02
-3.190000000000000000e+02,-1.657131225534110366e-02
-3.180000000000000000e+02,4.713958919384646229e-02
-3.170000000000000000e+02,-1.642411126860633327e-02
-3.160000000000000000e+02,4.726026910353554877e-02
-3.150000000000000000e+02,-1.622206319527715046e-02
-3.140000000000000000e+02,4.763049989406571011e-02
-3.130000000000000000e+02,-1.594594863148731875e-02
-3.120000000000000000e+02,4.732850612109894273e-02
-3.110000000000000000e+02,-1.571408803890168501e-02
-3.100000000000000000e+02,4.759933612050880336e-02
-3.090000000000000000e+02,-1.582943689826710187e-02
-3.080000000000000000e+02,4.810679372116507396e-02
-3.070000000000000000e+02,-1.507807272470183639e-02
-3.060000000000000000e+02,4.832400062150738612e-02
-3.050000000000000000e+02,-1.448649258814456789e-02
-3.040000000000000000e+02,4.781903480944624252e-02
-3.030000000000000000e+02,-1.452422328932577097e-02
-3.020000000000000000e+02,4.887495659603855597e-02
-3.010000000000000000e+02,-1.418563949836837423e-02
-3.000000000000000000e+02,4.926326086048694874e-02
-2.990000000000000000e+02,-1.354867061822112931e-02
-2.980000000000000000e+02,4.974476573374717048e-02
-2.970000000000000000e+02,-1.421790320666219999e-02
-2.960000000000000000e+02,5.030543257160166593e-02
-2.950000000000000000e+02,-1.279547903776848995e-02
-2.940000000000000000e+02,4.971480650494227577e-02
-2.930000000000000000e+02,-1.203603065692890502e-02
-2.920000000000000000e+02,4.964864392345432614e-02
-2.910000000000000000e+02,-1.160378154798622809e-02
-2.900000000000000000e+02,5.159306180020203914e-02
-2.890000000000000000e+02,-1.139364887610254048e-02
-2.880000000000000000e+02,5.322683223390252405e-02
-2.870000000000000000e+02,-1.012439385380658509e-02
-2.860000000000000000e+02,5.168130794894233021e-02
-2.850000000000000000e+02,-9.902085415419294157e-03
-2.840000000000000000e+02,5.187320010286904093e-02
-2.830000000000000000e+02,-9.378818089171750416e-03
-2.820000000000000000e+02,5.322497387660594242e-02
-2.810000000000000000e+02,-8.130075513122730566e-03
-2.800000000000000000e+02,5.663490347622163190e-02
-2.790000000000000000e+02,-8.837260640947613988e-03
-2.780000000000000000e+02,5.583241467591065071e-02
-2.770000000000000000e+02,-4.821783734197856650e-03
-2.760000000000000000e+02,5.376251207694916767e-02
-2.750000000000000000e+02,-6.287929872798478717e-03
-2.740000000000000000e+02,5.691109622526153988e-02
-2.730000000000000000e+02,-1.396524928496963892e-03
-2.720000000000000000e+02,5.949941179782591155e-02
-2.710000000000000000e+02,9.978251410718843532e-04
-2.700000000000000000e+02,5.949406271279836234e-02
-2.690000000000000000e+02,-6.431267715057914849e-04
-2.680000000000000000e+02,6.199656125069188950e-02
-2.670000000000000000e+02,-1.804338046200188155e-03
-2.660000000000000000e+02,6.361642633269487535e-02
-2.650000000000000000e+02,2.046566480292065331e-03
-2.640000000000000000e+02,6.077707632500230911e-02
-2.630000000000000000e+02,4.698059928101724902e-03
-2.620000000000000000e+02,6.819855614187331216e-02
-2.610000000000000000e+02,5.669681907165795808e-03
-2.600000000000000000e+02,6.930709026537726358e-02
-2.590000000000000000e+02,4.192399625002888285e-03
-2.580000000000000000e+02,7.131633349977757608e-02
-2.570000000000000000e+02,8.789475002342971022e-03
-2.560000000000000000e+02,7.468536950248487460e-02
-2.550000000000000000e+02,1.157388466687058089e-02
-2.540000000000000000e+02,7.132249798521966833e-02
-2.530000000000000000e+02,1.660702686959526428e-02
-2.520000000000000000e+02,7.440448072463307083e-02
-2.510000000000000000e+02,1.463640476084337658e-02
-2.500000000000000000e+02,7.598982655268385344e-02
-2.490000000000000000e+02,1.686118238805160360e-02
-2.480000000000000000e+02,7.792908442870453978e-02
-2.470000000000000000e+02,2.449749199462076740e-02
-2.460000000000000000e+02,7.584579575348371350e-02
-2.450000000000000000e+02,2.324603591396253929e-02
-2.440000000000000000e+02,8.002778615782230043e-02
-2.430000000000000000e+02,2.039173439389827674e-02
-2.420000000000000000e+02,8.758470480762865773e-02
-2.410000000000000000e+02,2.324346578455074863e-02
-2.400000000000000000e+02,8.481826086082989991e-02
-2.390000000000000000e+02,2.852221320882181860e-02
-2.380000000000000000e+02,9.091625157485533348e-02
-2.370000000000000000e+02,2.449100865700305080e-02
-2.360000000000000000e+02,9.007442774796334262e-02
-2.350000000000000000e+02,2.565000616680460782e-02
-2.340000000000000000e+02,8.451096239033063784e-02
-2.330000000000000000e+02,2.347437714894243244e-02
-2.320000000000000000e+02,8.177445853003470488e-02
-2.310000000000000000e+02,2.863500693320813681e-02
-2.300000000000000000e+02,9.338777307399881433e-02
-2.290000000000000000e+02,3.538597307798562602e-02
-2.280000000000000000e+02,9.009725259072386139e-02
-2.270000000000000000e+02,2.943820689447993258e-02
-2.260000000000000000e+02,9.410060899471041351e-02
-2.250000000000000000e+02,3.486570264015979165e-02
-2.240000000000000000e+02,8.793180808722565744e-02
-2.230000000000000000e+02,2.976282003726285832e-02
-2.220000000000000000e+02,1.015848570716023358e-01
-2.210000000000000000e+02,3.778638785100127406e-02
-2.200000000000000000e+02,9.651486367574116376e-02
-2.190000000000000000e+02,5.474038184634991838e-02
-2.180000000000000000e+02,9.586233669750153508e-02
-2.170000000000000000e+02,2.953591665022817225e-02
-2.160000000000000000e+02,1.050166368989250143e-01
-2.150000000000000000e+02,4.725690447543252903e-02
-2.140000000000000000e+02,1.136391608270709841e-01
-2.130000000000000000e+02,4.001844026157136414e-02
-2.120000000000000000e+02,1.121164706938196920e-01
-2.110000000000000000e+02,4.021915376275335408e-02
-2.100000000000000000e+02,1.136773695584840649e-01
-2.090000000000000000e+02,4.485273169554524625e-02
-2.080000000000000000e+02,1.133102082072792310e-01
-2.070000000000000000e+02,5.601966687819360385e-02
-2.060000000000000000e+02,1.146479182552694043e-01
-2.050000000000000000e+02,5.129103764149681166e-02
-2.040000000000000000e+02,1.242502167826055326e-01
-2.030000000000000000e+02,7.219060882421747538e-02
-2.020000000000000000e+02,1.203468192992501601e-01
-2.010000000000000000e+02,5.868295598377909483e-02
-2.000000000000000000e+02,1.316242114968691479e-01
-1.990000000000000000e+02,7.570050446817386258e-02
-1.980000000000000000e+02,1.247533300751977325e-01
-1.970000000000000000e+02,6.905850893501006005e-02
-1.960000000000000000e+02,1.386464617905829311e-01
-1.950000000000000000e+02,6.772269071108689975e-02
-1.940000000000000000e+02,1.423522958642072234e-01
-1.930000000000000000e+02,8.329584593343389298e-02
-1.920000000000000000e+02,1.365929575753554448e-01
-1.910000000000000000e+02,8.079680653620674446e-02
-1.900000000000000000e+02,1.524024345009309389e-01
-1.890000000000000000e+02,7.077144333314597247e-02
-1.880000000000000000e+02,1.456942710588969014e-01
-1.870000000000000000e+02,9.617491454995549804e-02
-1.860000000000000000e+02,1.381041135193836200e-01
-1.850000000000000000e+02,9.839883194832724223e-02
-1.840000000000000000e+02,1.433783883764227496e-01
-1.830000000000000000e+02,9.499344430980094511e-02
-1.820000000000000000e+02,1.427941267283495408e-01
-1.810000000000000000e+02,8.866333715843685570e-02
-1.800000000000000000e+02,1.308577404436590541e-01
-1.790000000000000000e+02,1.042072702467846390e-01
-1.780000000000000000e+02,1.668925575275275464e-01
-1.770000000000000000e+02,8.787947581795554908e-02
-1.760000000000000000e+02,1.424007854935717410e-01
-1.750000000000000000e+02,7.833069646727014446e-02
-1.740000000000000000e+02,1.599440741421926937e-01
-1.730000000000000000e+02,9.056900136585284422e-02
-1.720000000000000000e+02,1.600321789101150360e-01
-1.710000000000000000e+02,7.180546333781777368e-02
-1.700000000000000000e+02,1.575219260678740740e-01
-1.690000000000000000e+02,7.496755942979491105e-02
-1.680000000000000000e+02,1.566348070991857855e-01
-1.670000000000000000e+02,9.293494593977849605e-02
-1.660000000000000000e+02,1.521633569285111565e-01
-1.650000000000000000e+02,9.867868201329745015e-02
-1.640000000000000000e+02,1.646933906181329565e-01
-1.630000000000000000e+02,9.964459532308621303e-02
-1.620000000000000000e+02,1.698202228904079625e-01
-1.610000000000000000e+02,1.103121496039924515e-01
-1.600000000000000000e+02,1.688554759484409418e-01
-1.590000000000000000e+02,1.300083248119910662e-01
-1.580000000000000000e+02,1.676014435860790075e-01
-1.570000000000000000e+02,1.237566622556776352e-01
-1.560000000000000000e+02,1.924972890473597431e-01
-1.550000000000000000e+02,1.497221379327683677e-01
-1.540000000000000000e+02,1.965040041599988296e-01
-1.530000000000000000e+02,1.356179935932336211e-01
-1.520000000000000000e+02,2.247574235898799622e-01
-1.510000000000000000e+02,1.499519924600476173e-01
-1.500000000000000000e+02,2.485706080771167836e-01
-1.490000000000000000e+02,1.610321066258975919e-01
-1.480000000000000000e+02,2.466295311599424889e-01
-1.470000000000000000e+02,1.879140340329944758e-01
-1.460000000000000000e+02,2.801229712888478884e-01
-1.450000000000000000e+02,2.051328996423378848e-01
-1.440000000000000000e+02,2.919608935200107003e-01
-1.430000000000000000e+02,2.308130389158371820e-01
-1.420000000000000000e+02,2.921992200994341093e-01
-1.410000000000000000e+02,2.345167881911095209e-01
-1.400000000000000000e+02,2.709087878971575547e-01
-1.390000000000000000e+02,2.370841810851745945e-01
-1.380000000000000000e+02,3.145895407118372566e-01
-1.370000000000000000e+02,2.354989920936610415e-01
-1.360000000000000000e+02,3.128979662368410741e-01
-1.350000000000000000e+02,2.372165193752796830e-01
-1.340000000000000000e+02,2.943053667166080078e-01
-1.330000000000000000e+02,3.241838172040222843e-01
-1.320000000000000000e+02,3.227678110006728107e-01
-1.310000000000000000e+02,2.862209904748637679e-01
-1.300000000000000000e+02,3.431044003165689693e-01
-1.290000000000000000e+02,2.807751115276320153e-01
-1.280000000000000000e+02,3.243215631282791445e-01
-1.270000000000000000e+02,2.909762565540089385e-01
-1.260000000000000000e+02,3.704988026444877569e-01
-1.250000000000000000e+02,2.845515236074708243e-01
-1.240000000000000000e+02,3.575868751209516083e-01
-1.230000000000000000e+02,2.579083738150370064e-01
-1.220000000000000000e+02,3.382209148130030929e-01
-1.210000000000000000e+02,2.788541316814821536e-01
-1.200000000000000000e+02,3.499800366907120930e-01
-1.190000000000000000e+02,2.635233270901556346e-01
-1.180000000000000000e+02,3.381068461082324950e-01
-1.170000000000000000e+02,2.867821748543686877e-01
-1.160000000000000000e+02,3.358925495116669158e-01
-1.150000000000000000e+02,2.475203066826818787e-01
-1.140000000000000000e+02,3.778754929358021375e-01
-1.130000000000000000e+02,3.040208919155021339e-01
-1.120000000000000000e+02,3.547895340311489343e-01
-1.110000000000000000e+02,3.119955067695001638e-01
-1.100000000000000000e+02,3.694347036055523614e-01
-1.090000000000000000e+02,3.419654098733866943e-01
-1.080000000000000000e+02,4.073736774779394554e-01
-1.070000000000000000e+02,3.029875580705934657e-01
-1.060000000000000000e+02,4.464322522719569308e-01
-1.050000000000000000e+02,3.507177243624046703e-01
-1.040000000000000000e+02,4.743399220628220503e-01
-1.030000000000000000e+02,4.847894345068476940e-01
-1.020000000000000000e+02,5.429514495683591679e-01
-1.010000000000000000e+02,4.421629402732217828e-01
-1.000000000000000000e+02,6.055304947588372455e-01
-9.900000000000000000e+01,6.221459237071138570e-01
-9.800000000000000000e+01,7.350511304530102930e-01
-9.700000000000000000e+01,6.942978106868614718e-01
-9.600000000000000000e+01,8.705776630670036820e-01
-9.500000000000000000e+01,7.413633066603844135e-01
-9.400000000000000000e+01,9.132805784683136752e-01
-9.300000000000000000e+01,1.072727929733562346e+00
-9.200000000000000000e+01,1.050463956725070647e+00
-9.100000000000000000e+01,9.582349204049993574e-01
-9.000000000000000000e+01,1.147527512052405552e+00
-8.900000000000000000e+01,1.235951953678470661e+00
-8.800000000000000000e+01,1.358490115671624254e+00
-8.700000000000000000e+01,1.259848965731150905e+00
-8.600000000000000000e+01,1.482296212436625016e+00
-8.500000000000000000e+01,1.480944691792478451e+00
-8.400000000000000000e+01,1.466976445564474263e+00
-8.300000000000000000e+01,1.252868110206542651e+00
-8.200000000000000000e+01,1.842646754694967415e+00
-8.100000000000000000e+01,1.787861091146359716e+00
-8.000000000000000000e+01,1.837882138782292785e+00
-7.900000000000000000e+01,1.695043511565354821e+00
-7.800000000000000000e+01,2.024344884019316115e+00
-7.700000000000000000e+01,1.881980714313525427e+00
-7.600000000000000000e+01,2.271328258746679207e+00
-7.500000000000000000e+01,2.207088522069360348e+00
-7.400000000000000000e+01,2.200957642304629758e+00
-7.300000000000000000e+01,2.341881209660536367e+00
-7.200000000000000000e+01,2.664493236552404554e+00
-7.100000000000000000e+01,2.763360189710692083e+00
-7.000000000000000000e+01,2.808623597973373798e+00
-6.900000000000000000e+01,2.629277272547781319e+00
-6.800000000000000000e+01,2.586211696430388063e+00
-6.700000000000000000e+01,2.804709469649375286e+00
-6.600000000000000000e+01,3.116910045026096476e+00
-6.500000000000000000e+01,3.290571431208131337e+00
-6.400000000000000000e+01,3.712567350186648962e+00
-6.300000000000000000e+01,3.762049878084419152e+00
-6.200000000000000000e+01,3.621269876284264555e+00
-6.100000000000000000e+01,3.952866545918452879e+00
-6.000000000000000000e+01,3.818597660630818513e+00
-5.900000000000000000e+01,3.827584271951572692e+00
-5.800000000000000000e+01,3.966298291567803780e+00
-5.700000000000000000e+01,4.172311912220490804e+00
-5.600000000000000000e+01,4.581067276822850864e+00
-5.500000000000000000e+01,4.247615570242988525e+00
-5.400000000000000000e+01,3.514058843487848360e+00
-5.300000000000000000e+01,4.409070883313308542e+00
-5.200000000000000000e+01,3.998676047869935246e+00
-5.100000000000000000e+01,4.886482839749071161e+00
-5.000000000000000000e+01,4.870699960533235284e+00
-4.900000000000000000e+01,5.580672293868247813e+00
-4.800000000000000000e+01,5.373708321117110387e+00
-4.700000000000000000e+01,4.976955992736422196e+00
-4.600000000000000000e+01,5.157120923742181340e+00
-4.500000000000000000e+01,5.436049981965121347e+00
-4.400000000000000000e+01,4.877452645044347612e+00
-4.300000000000000000e+01,4.766232122395949844e+00
-4.200000000000000000e+01,5.090825231296425279e+00
-4.100000000000000000e+01,6.518130762839755121e+00
-4.000000000000000000e+01,6.643555364966459820e+00
-3.900000000000000000e+01,6.299585948445562522e+00
-3.800000000000000000e+01,6.566135708259283277e+00
-3.700000000000000000e+01,6.760106052537265597e+00
-3.600000000000000000e+01,6.336283079767166093e+00
-3.500000000000000000e+01,6.088366925901330440e+00
-3.400000000000000000e+01,6.605555651431739506e+00
-3.300000000000000000e+01,7.403214298354502176e+00
-3.200000000000000000e+01,5.660475430010339259e+00
-3.100000000000000000e+01,6.791045745533256905e+00
-3.000000000000000000e+01,7.164404003915175068e+00
-2.900000000000000000e+01,7.171999475556595449e+00
-2.800000000000000000e+01,7.338493056052000973e+00
-2.700000000000000000e+01,7.236888617398760104e+00
-2.600000000000000000e+01,7.836982965234430054e+00
-2.500000000000000000e+01,6.857186339441275535e+00
-2.400000000000000000e+01,7.254509654224997384e+00
-2.300000000000000000e+01,7.726647339779975532e+00
-2.200000000000000000e+01,7.730802072187253238e+00
-2.100000000000000000e+01,7.169094803299372209e+00
-2.000000000000000000e+01,8.927821779389436330e+00
-1.900000000000000000e+01,8.121367573293495568e+00
-1.800000000000000000e+01,9.548169794227694851e+00
-1.700000000000000000e+01,8.708420471651971084e+00
-1.600000000000000000e+01,1.028978317057344150e+01
-1.500000000000000000e+01,8.982092942241022726e+00
-1.400000000000000000e+01,1.058984394578898680e+01
-1.300000000000000000e+01,1.192946919577002340e+01
-1.200000000000000000e+01,9.701855845549570034e+00
-1.100000000000000000e+01,1.289819277728343216e+01
-1.000000000000000000e+01,1.355700404790696822e+01
-9.000000000000000000e+00,1.458991450602519535e+01
-8.000000000000000000e+00,1.706185840341172266e+01
-7.000000000000000000e+00,2.488866658910642116e+01
-6.000000000000000000e+00,3.114893637039079621e+01
-5.000000000000000000e+00,5.186937081776092384e+01
-4.000000000000000000e+00,8.034874389067222467e+01
-3.000000000000000000e+00,1.336507853794685730e+02
-2.000000000000000000e+00,1.165224512591936019e+02
-1.000000000000000000e+00,1.304098608133648973e+01
0.000000000000000000e+00,5.368896505049475243e-02
1.000000000000000000e+00,1.656161969757918939e+01
2.000000000000000000e+00,1.220759965831355913e+02
3.000000000000000000e+00,1.303841784585002870e+02
4.000000000000000000e+00,7.850259388690210471e+01
5.000000000000000000e+00,5.010985675312112164e+01
6.000000000000000000e+00,3.077320326769866199e+01
7.000000000000000000e+00,2.428779876794860826e+01
8.000000000000000000e+00,1.692883368527137478e+01
9.000000000000000000e+00,1.435879770315602677e+01
1.000000000000000000e+01,1.369817086999454681e+01
1.100000000000000000e+01,1.260048501499755425e+01
1.200000000000000000e+01,9.783813431718067832e+00
1.300000000000000000e+01,1.195681346133110701e+01
1.400000000000000000e+01,1.045577487776724723e+01
1.500000000000000000e+01,8.994842224658732732e+00
1.600000000000000000e+01,1.031060831391817167e+01
1.700000000000000000e+01,8.628647940340268718e+00
1.800000000000000000e+01,9.605619033195265999e+00
1.900000000000000000e+01,8.016698734467791354e+00
2.000000000000000000e+01,9.006810703996391609e+00
2.100000000000000000e+01,6.997972281850151965e+00
2.200000000000000000e+01,7.895833335102484973e+00
2.300000000000000000e+01,7.587892504448461750e+00
2.400000000000000000e+01,7.322399425668320028e+00
2.500000000000000000e+01,6.785601413139090710e+00
2.600000000000000000e+01,7.959919097227541762e+00
2.700000000000000000e+01,7.094070257824424353e+00
2.800000000000000000e+01,7.465414385638940331e+00
2.900000000000000000e+01,7.039729622804182796e+00
3.000000000000000000e+01,7.290230161808006315e+00
3.100000000000000000e+01,6.600646793700730264e+00
3.200000000000000000e+01,5.795157076318194989e+00
3.300000000000000000e+01,7.374511546950746954e+00
3.400000000000000000e+01,6.595825387228888559e+00
3.500000000000000000e+01,6.032968307690511622e+00
3.600000000000000000e+01,6.421255029407146431e+00
3.700000000000000000e+01,6.709740776651793581e+00
3.800000000000000000e+01,6.601810591040977449e+00
3.900000000000000000e+01,6.241685602511505060e+00
4.000000000000000000e+01,6.731712357527301016e+00
4.100000000000000000e+01,6.394304934613387559e+00
4.200000000000000000e+01,5.089561192448826432e+00
4.300000000000000000e+01,4.713187594570524830e+00
4.400000000000000000e+01,4.955676154422940627e+00
4.500000000000000000e+01,5.397227771577492561e+00
4.600000000000000000e+01,5.180725324913551866e+00
4.700000000000000000e+01,4.934451445463634123e+00
4.800000000000000000e+01,5.459854304363747524e+00
4.900000000000000000e+01,5.496717776857204640e+00
5.000000000000000000e+01,4.909573304362553792e+00
5.100000000000000000e+01,4.806767758344441255e+00
5.200000000000000000e+01,4.029564776562328809e+00
5.300000000000000000e+01,4.366063461351044950e+00
5.400000000000000000e+01,3.514914823547611977e+00
5.500000000000000000e+01,4.292102473345575042e+00
5.600000000000000000e+01,4.577365085870285455e+00
5.700000000000000000e+01,4.137007716163592086e+00
5.800000000000000000e+01,3.976994977861871838e+00
5.900000000000000000e+01,3.800474858903908348e+00
6.000000000000000000e+01,3.848905864298378887e+00
6.100000000000000000e+01,3.924919911577537057e+00
6.200000000000000000e+01,3.627908225423364996e+00
6.300000000000000000e+01,3.760855100253513772e+00
6.400000000000000000e+01,3.705005825328401503e+00
6.500000000000000000e+01,3.259287027149175842e+00
6.600000000000000000e+01,3.120488106092329961e+00
6.700000000000000000e+01,2.770192086816911647e+00
6.800000000000000000e+01,2.596427080193854042e+00
6.900000000000000000e+01,2.625374854772127620e+00
7.000000000000000000e+01,2.826113755563341989e+00
7.100000000000000000e+01,2.745899453804728552e+00
7.200000000000000000e+01,2.663960408539392422e+00
7.300000000000000000e+01,2.313973178893637961e+00
7.400000000000000000e+01,2.208482224197066746e+00
7.500000000000000000e+01,2.205367749087833396e+00
7.600000000000000000e+01,2.265528459364089198e+00
7.700000000000000000e+01,1.865557107527675562e+00
7.800000000000000000e+01,2.033190009891326255e+00
7.900000000000000000e+01,1.671359341907031171e+00
8.000000000000000000e+01,1.859698952488344270e+00
8.100000000000000000e+01,1.774890835004893974e+00
8.200000000000000000e+01,1.839741607882783070e+00
8.300000000000000000e+01,1.217955692645334986e+00
8.400000000000000000e+01,1.504419672692986154e+00
8.500000000000000000e+01,1.456118925494086946e+00
8.600000000000000000e+01,1.496733505033876366e+00
8.700000000000000000e+01,1.233668311312128951e+00
8.800000000000000000e+01,1.383036553313246930e+00
8.900000000000000000e+01,1.205959353965946557e+00
9.000000000000000000e+01,1.160240221184207776e+00
9.100000000000000000e+01,9.334087125373482507e-01
9.200000000000000000e+01,1.078207579838808661e+00
9.300000000000000000e+01,1.049067758205414203e+00
9.400000000000000000e+01,9.166701408760500325e-01
9.500000000000000000e+01,7.272995522048258943e-01
9.600000000000000000e+01,8.861164572783314375e-01
9.700000000000000000e+01,6.711237045684256275e-01
9.800000000000000000e+01,7.525189340959047568e-01
9.900000000000000000e+01,6.002126199398458706e-01
1.000000000000000000e+02,6.169375702815494966e-01
1.010000000000000000e+02,4.227348941956511341e-01
1.020000000000000000e+02,5.636602404512347508e-01
1.030000000000000000e+02,4.648745764239564093e-01
1.040000000000000000e+02,4.858106218222539296e-01
1.050000000000000000e+02,3.348230841716877682e-01
1.060000000000000000e+02,4.616335865443479403e-01
1.070000000000000000e+02,2.834050709465492646e-01
1.080000000000000000e+02,4.283173309128650574e-01
1.090000000000000000e+02,3.215971046770018660e-01
1.100000000000000000e+02,3.863564005424023895e-01
1.110000000000000000e+02,2.949198515140264987e-01
1.120000000000000000e+02,3.701772618211413013e-01
1.130000000000000000e+02,2.901702370812820897e-01
1.140000000000000000e+02,3.909775278587028224e-01
1.150000000000000000e+02,2.298814862797432801e-01
1.160000000000000000e+02,3.543340035462735349e-01
1.170000000000000000e+02,2.704384295364237745e-01
1.180000000000000000e+02,3.527901615695714921e-01
1.190000000000000000e+02,2.486174215341345473e-01
1.200000000000000000e+02,3.660806599732659983e-01
1.210000000000000000e+02,2.629620622787601780e-01
1.220000000000000000e+02,3.526267197817116728e-01
1.230000000000000000e+02,2.433161497921539351e-01
1.240000000000000000e+02,3.742228932060682189e-01
1.250000000000000000e+02,2.686150062566232677e-01
1.260000000000000000e+02,3.875746107058388179e-01
1.270000000000000000e+02,2.724097402248266686e-01
1.280000000000000000e+02,3.404756059904642251e-01
1.290000000000000000e+02,2.656073959049785049e-01
1.300000000000000000e+02,3.591985160354662088e-01
1.310000000000000000e+02,2.692620944948652673e-01
1.320000000000000000e+02,3.398379707390523086e-01
1.330000000000000000e+02,3.095520751601241183e-01
1.340000000000000000e+02,3.028999399678958815e-01
1.350000000000000000e+02,2.273048453089355769e-01
1.360000000000000000e+02,3.241875085425404701e-01
1.370000000000000000e+02,2.233615011564512309e-01
1.380000000000000000e+02,3.276953774789665985e-01
1.390000000000000000e+02,2.223461264028658013e-01
1.400000000000000000e+02,2.835099784703735692e-01
1.410000000000000000e+02,2.235892149380580840e-01
1.420000000000000000e+02,3.031836782002202968e-01
1.430000000000000000e+02,2.199547708003379287e-01
1.440000000000000000e+02,3.019573422637257809e-01
1.450000000000000000e+02,1.937675154530779376e-01
1.460000000000000000e+02,2.911120043509254907e-01
1.470000000000000000e+02,1.752233944453067960e-01
1.480000000000000000e+02,2.573526567657511976e-01
1.490000000000000000e+02,1.496191510476603537e-01
1.500000000000000000e+02,2.603425403526326010e-01
1.510000000000000000e+02,1.364954795088670347e-01
1.520000000000000000e+02,2.376023417472647448e-01
1.530000000000000000e+02,1.210945061990104099e-01
1.540000000000000000e+02,2.105894558832067109e-01
1.550000000000000000e+02,1.366931038963851985e-01
1.560000000000000000e+02,2.041125046450969482e-01
1.570000000000000000e+02,1.106515709042166506e-01
1.580000000000000000e+02,1.798691479499364698e-01
1.590000000000000000e+02,1.188580964132717188e-01
1.600000000000000000e+02,1.787188919755652861e-01
1.610000000000000000e+02,1.001798429724826134e-01
1.620000000000000000e+02,1.797237987414871674e-01
1.630000000000000000e+02,8.910051207288809116e-02
1.640000000000000000e+02,1.752341372275043330e-01
1.650000000000000000e+02,8.782194416218774835e-02
1.660000000000000000e+02,1.620892487430328488e-01
1.670000000000000000e+02,8.347150438842099174e-02
1.680000000000000000e+02,1.655110916476769667e-01
1.690000000000000000e+02,6.535758363977238472e-02
1.700000000000000000e+02,1.675169752788575883e-01
1.710000000000000000e+02,6.124237202008609576e-02
1.720000000000000000e+02,1.716937800180928508e-01
1.730000000000000000e+02,7.942275176622203003e-02
1.740000000000000000e+02,1.707386923443266480e-01
1.750000000000000000e+02,6.635817000997802639e-02
1.760000000000000000e+02,1.540995618994225880e-01
1.770000000000000000e+02,7.732961471816908461e-02
1.780000000000000000e+02,1.790947241388267663e-01
1.790000000000000000e+02,9.130723757813700991e-02
1.800000000000000000e+02,1.413698429716084282e-01
1.810000000000000000e+02,7.877207341413811070e-02
1.820000000000000000e+02,1.530995938673942180e-01
1.830000000000000000e+02,8.499646504997739049e-02
1.840000000000000000e+02,1.532665719125483050e-01
1.850000000000000000e+02,8.882714966474479501e-02
1.860000000000000000e+02,1.468412753325387676e-01
1.870000000000000000e+02,8.830846878362254293e-02
1.880000000000000000e+02,1.526876796759085719e-01
1.890000000000000000e+02,6.282270355761018776e-02
1.900000000000000000e+02,1.616346470659757728e-01
1.910000000000000000e+02,7.101522462982519379e-02
1.920000000000000000e+02,1.457366026740013754e-01
1.930000000000000000e+02,7.489325837708446509e-02
1.940000000000000000e+02,1.502819418289594033e-01
1.950000000000000000e+02,5.895036263257224379e-02
1.960000000000000000e+02,1.477713509956417592e-01
1.970000000000000000e+02,5.936334247056360841e-02
1.980000000000000000e+02,1.340034936120259312e-01
1.990000000000000000e+02,6.739138225275240202e-02
2.000000000000000000e+02,1.394336007651251486e-01
2.010000000000000000e+02,4.975256718190541189e-02
2.020000000000000000e+02,1.294096579101365607e-01
2.030000000000000000e+02,6.415159086263062804e-02
2.040000000000000000e+02,1.314326449150605425e-01
2.050000000000000000e+02,4.303994115191695641e-02
2.060000000000000000e+02,1.228905848216777369e-01
2.070000000000000000e+02,4.813147025494923792e-02
2.080000000000000000e+02,1.205594943585121120e-01
2.090000000000000000e+02,3.732692076234109951e-02
2.100000000000000000e+02,1.212127173180179984e-01
2.110000000000000000e+02,3.231991439704712255e-02
2.120000000000000000e+02,1.201512440601275877e-01
2.130000000000000000e+02,3.181547336447305280e-02
2.140000000000000000e+02,1.223268276050793468e-01
2.150000000000000000e+02,3.855612065533371713e-02
2.160000000000000000e+02,1.128598511471464727e-01
2.170000000000000000e+02,2.057391924467527264e-02
2.180000000000000000e+02,1.054745464029958751e-01
2.190000000000000000e+02,4.652276852408075702e-02
2.200000000000000000e+02,1.034713251658062327e-01
2.210000000000000000e+02,3.072617420259587950e-02
2.220000000000000000e+02,1.087865153010815905e-01
2.230000000000000000e+02,2.160015336756308454e-02
2.240000000000000000e+02,9.583027559386511629e-02
2.250000000000000000e+02,2.760619225929817830e-02
2.260000000000000000e+02,1.012677439605983998e-01
2.270000000000000000e+02,2.188212546775767167e-02
2.280000000000000000e+02,9.771449163198588084e-02
2.290000000000000000e+02,2.824023207697510043e-02
2.300000000000000000e+02,1.003444840020732282e-01
2.310000000000000000e+02,2.111966764782497591e-02
2.320000000000000000e+02,8.864112401276537379e-02
2.330000000000000000e+02,1.672044634509685379e-02
2.340000000000000000e+02,9.133595683382957076e-02
2.350000000000000000e+02,1.912564106939551242e-02
2.360000000000000000e+02,9.674979424400990957e-02
2.370000000000000000e+02,1.766189553806058604e-02
2.380000000000000000e+02,9.803347656965184787e-02
2.390000000000000000e+02,2.136698776644786399e-02
2.400000000000000000e+02,9.145118709222099795e-02
2.410000000000000000e+02,1.663208405698905420e-02
2.420000000000000000e+02,9.432588941554255479e-02
2.430000000000000000e+02,1.315098116636409520e-02
2.440000000000000000e+02,8.717896273207299818e-02
2.450000000000000000e+02,1.619551805722109841e-02
2.460000000000000000e+02,8.254735992767252284e-02
2.470000000000000000e+02,1.822822169409691120e-02
2.480000000000000000e+02,8.382171046711862916e-02
2.490000000000000000e+02,1.071261493706710671e-02
2.500000000000000000e+02,8.205014483182074270e-02
2.510000000000000000e+02,8.442197722209119140e-03
2.520000000000000000e+02,8.060191037534340797e-02
2.530000000000000000e+02,1.052080476576224694e-02
2.540000000000000000e+02,7.694294541799900911e-02
2.550000000000000000e+02,6.038956451194238927e-03
2.560000000000000000e+02,8.027327166364341127e-02
2.570000000000000000e+02,2.951865806478122696e-03
2.580000000000000000e+02,7.696153655842100094e-02
2.590000000000000000e+02,-1.728217416493415919e-03
2.600000000000000000e+02,7.530367518907121749e-02
2.610000000000000000e+02,-3.323503566145753546e-04
2.620000000000000000e+02,7.415812963041994166e-02
2.630000000000000000e+02,-1.475848269503999286e-03
2.640000000000000000e+02,6.647416498596711576e-02
2.650000000000000000e+02,-3.446051379880123340e-03
2.660000000000000000e+02,6.904768006708843220e-02
2.670000000000000000e+02,-7.484308509753644957e-03
2.680000000000000000e+02,6.775354574317768441e-02
2.690000000000000000e+02,-6.456514028268097935e-03
2.700000000000000000e+02,6.521742239969768873e-02
2.710000000000000000e+02,-4.544584579154570605e-03
2.720000000000000000e+02,6.485893618874544186e-02
2.730000000000000000e+02,-6.818514085958262555e-03
2.740000000000000000e+02,6.205035430768562205e-02
2.750000000000000000e+02,-1.165057731962762175e-02
2.760000000000000000e+02,5.902288001484045504e-02
2.770000000000000000e+02,-9.826503012016825356e-03
2.780000000000000000e+02,6.068848238503479764e-02
2.790000000000000000e+02,-1.382949456641746101e-02
2.800000000000000000e+02,6.177770366520930756e-02
2.810000000000000000e+02,-1.340091478678043235e-02
2.820000000000000000e+02,5.832526041114327597e-02
2.830000000000000000e+02,-1.449901203356280567e-02
2.840000000000000000e+02,5.688294551947945671e-02
2.850000000000000000e+02,-1.486778034571465019e-02
2.860000000000000000e+02,5.656889335155593918e-02
2.870000000000000000e+02,-1.491572232592380289e-02
2.880000000000000000e+02,5.802398111274363612e-02
2.890000000000000000e+02,-1.630871057567925483e-02
2.900000000000000000e+02,5.646623155013705264e-02
2.910000000000000000e+02,-1.651413504080375544e-02
2.920000000000000000e+02,5.442608158077309050e-02
2.930000000000000000e+02,-1.674388471205489823e-02
2.940000000000000000e+02,5.433627467894667357e-02
2.950000000000000000e+02,-1.737144623421318229e-02
2.960000000000000000e+02,5.484072115359559657e-02
2.970000000000000000e+02,-1.882917575484022513e-02
2.980000000000000000e+02,5.437202550365853593e-02
2.990000000000000000e+02,-1.814736304597568128e-02
3.000000000000000000e+02,5.379368677245176256e-02
3.010000000000000000e+02,-1.872006243404759906e-02
3.020000000000000000e+02,5.337089550444550773e-02
3.030000000000000000e+02,-1.903740627282889813e-02
3.040000000000000000e+02,5.225560051033675130e-02
3.050000000000000000e+02,-1.884673941062036881e-02
3.060000000000000000e+02,5.264035136963367278e-02
3.070000000000000000e+02,-1.939220095250531253e-02
3.080000000000000000e+02,5.237352172426841534e-02
3.090000000000000000e+02,-2.012198308482842854e-02
3.100000000000000000e+02,5.186499928143913779e-02
3.110000000000000000e+02,-1.995273401146976586e-02
3.120000000000000000e+02,5.151348057916620149e-02
3.130000000000000000e+02,-2.009351849114329736e-02
3.140000000000000000e+02,5.175725467755106640e-02
3.150000000000000000e+02,-2.035122001540130843e-02
3.160000000000000000e+02,5.135043079219995393e-02
3.170000000000000000e+02,-2.049844238492706111e-02
3.180000000000000000e+02,5.118268165265035113e-02
3.190000000000000000e+02,-2.059980627556715418e-02
3.200000000000000000e+02,5.098454621935220171e-02
3.210000000000000000e+02,-2.055214691343826630e-02
3.220000000000000000e+02,5.096284576630489421e-02
3.230000000000000000e+02,-2.065433875531681729e-02
3.240000000000000000e+02,5.061071381755900128e-02
3.250000000000000000e+02,-2.072347135182230418e-02
3.260000000000000000e+02,5.045501386931786070e-02
3.270000000000000000e+02,-2.081181029061487595e-02
3.280000000000000000e+02,5.029997882745678578e-02
3.290000000000000000e+02,-2.097789276158728081e-02
3.300000000000000000e+02,5.021480027550286052e-02
3.310000000000000000e+02,-2.107871669534263845e-02
3.320000000000000000e+02,5.001201128611403729e-02
3.330000000000000000e+02,-2.123795565011720940e-02
3.340000000000000000e+02,4.979673777430623782e-02
3.350000000000000000e+02,-2.133140211549458889e-02
3.360000000000000000e+02,4.968375281783665026e-02
3.370000000000000000e+02,-2.136520581618125275e-02
3.380000000000000000e+02,4.949967812018912783e-02
3.390000000000000000e+02,-2.153292951456136153e-02
3.400000000000000000e+02,4.934655621273446868e-02
3.410000000000000000e+02,-2.159833740676913791e-02
3.420000000000000000e+02,4.929823201202626626e-02
3.430000000000000000e+02,-2.160271013816321764e-02
3.440000000000000000e+02,4.914488527424738101e-02
3.450000000000000000e+02,-2.172670648701618967e-02
3.460000000000000000e+02,4.900802448106343634e-02
3.470000000000000000e+02,-2.180721870098016948e-02
3.480000000000000000e+02,4.880492902559611240e-02
3.490000000000000000e+02,-2.187272951220012307e-02
3.500000000000000000e+02,4.873701391024903157e-02
3.510000000000000000e+02,-2.192974109140581260e-02
3.520000000000000000e+02,4.861051225827926758e-02
3.530000000000000000e+02,-2.202087126598545330e-02
3.540000000000000000e+02,4.846925048389312540e-02
3.550000000000000000e+02,-2.205415414474244662e-02
3.560000000000000000e+02,4.837972727948443297e-02
3.570000000000000000e+02,-2.213084495206035091e-02
3.580000000000000000e+02,4.827546297751082044e-02
3.590000000000000000e+02,-2.217245489158322161e-02
3.600000000000000000e+02,4.815109058866279962e-02
3.610000000000000000e+02,-2.224022834846525049e-02
3.620000000000000000e+02,4.806912624705097364e-02
3.630000000000000000e+02,-2.228010977463092124e-02
3.640000000000000000e+02,4.796113907375049168e-02
3.650000000000000000e+02,-2.232709423090551912e-02
3.660000000000000000e+02,4.787015074544426207e-02
3.670000000000000000e+02,-2.237620663366023804e-02
3.680000000000000000e+02,4.778231679508307406e-02
3.690000000000000000e+02,-2.240970622411830177e-02
3.700000000000000000e+02,4.767999167950196654e-02
3.710000000000000000e+02,-2.244240468842526037e-02
3.720000000000000000e+02,4.760964887924072630e-02
3.730000000000000000e+02,-2.248533489299704702e-02
3.740000000000000000e+02,4.751649437778705104e-02
3.750000000000000000e+02,-2.251232606833368163e-02
3.760000000000000000e+02,4.743107243055223049e-02
3.770000000000000000e+02,-2.253544947808594143e-02
3.780000000000000000e+02,4.736079197425431542e-02
3.790000000000000000e+02,-2.258173481727585377e-02
3.800000000000000000e+02,4.726705983437599207e-02
3.810000000000000000e+02,-2.259542095011329507e-02
3.820000000000000000e+02,4.718655948911696513e-02
3.830000000000000000e+02,-2.262908455884083889e-02
3.840000000000000000e+02,4.712963819397400500e-02
3.850000000000000000e+02,-2.265399920532955302e-02
3.860000000000000000e+02,4.706496841813783555e-02
3.870000000000000000e+02,-2.267272898695602348e-02
3.880000000000000000e+02,4.699425331569793973e-02
3.890000000000000000e+02,-2.269750390298767156e-02
3.900000000000000000e+02,4.692921109392735046e-02
3.910000000000000000e+02,-2.270945089462245159e-02
3.920000000000000000e+02,4.686111499624540794e-02
3.930000000000000000e+02,-2.272872229874740857e-02
3.940000000000000000e+02,4.678956345491940005e-02
3.950000000000000000e+02,-2.274380189717430806e-02
3.960000000000000000e+02,4.673267238290865905e-02
3.970000000000000000e+02,-2.275967561825050639e-02
3.980000000000000000e+02,4.667527785453017691e-02
3.990000000000000000e+02,-2.277209244317651010e-02
4.000000000000000000e+02,4.661364716102794209e-02
4.010000000000000000e+02,-2.278711061194039003e-02
4.020000000000000000e+02,4.655599439807747708e-02
4.030000000000000000e+02,-2.279183924749261098e-02
4.040000000000000000e+02,4.650502058374076514e-02
4.050000000000000000e+02,-2.280421804300640162e-02
4.060000000000000000e+02,4.644606625832180258e-02
4.070000000000000000e+02,-2.281087574981650531e-02
4.080000000000000000e+02,4.639401658417991597e-02
4.090000000000000000e+02,-2.281904790069634592e-02
4.100000000000000000e+02,4.634436524856985762e-02
4.110000000000000000e+02,-2.282284554832213555e-02
4.120000000000000000e+02,4.629556062896401925e-02
4.130000000000000000e+02,-2.282905854203850365e-02
4.140000000000000000e+02,4.624406268173984064e-02
4.150000000000000000e+02,-2.283444795758134138e-02
4.160000000000000000e+02,4.619845659028255780e-02
4.170000000000000000e+02,-2.283850121810578060e-02
4.180000000000000000e+02,4.615014602805789928e-02
4.190000000000000000e+02,-2.284201563249388736e-02
4.200000000000000000e+02,4.610689557020356683e-02
4.210000000000000000e+02,-2.284439908766425914e-02
4.220000000000000000e+02,4.605895885940568257e-02
4.230000000000000000e+02,-2.284434227467553591e-02
4.240000000000000000e+02,4.601601288855892286e-02
4.250000000000000000e+02,-2.284633085482768930e-02
4.260000000000000000e+02,4.597290993845925405e-02
4.270000000000000000e+02,-2.284751279268323540e-02
4.280000000000000000e+02,4.593103107004662539e-02
4.290000000000000000e+02,-2.284561670840951769e-02
4.300000000000000000e+02,4.588996952416683761e-02
4.310000000000000000e+02,-2.284475305835721032e-02
4.320000000000000000e+02,4.584941542061578973e-02
4.330000000000000000e+02,-2.284293350480866985e-02
4.340000000000000000e+02,4.580976731371497884e-02
4.350000000000000000e+02,-2.284062637899456072e-02
4.360000000000000000e+02,4.577028799403938530e-02
4.370000000000000000e+02,-2.283806491426932164e-02
4.380000000000000000e+02,4.573249896166752676e-02
4.390000000000000000e+02,-2.283468912304068010e-02
4.400000000000000000e+02,4.569479168523542245e-02
4.410000000000000000e+02,-2.283083419978516881e-02
4.420000000000000000e+02,4.565828793682137621e-02
4.430000000000000000e+02,-2.282612102083314207e-02
4.440000000000000000e+02,4.562199680949316494e-02
4.450000000000000000e+02,-2.282149755550672704e-02
4.460000000000000000e+02,4.558642560328689253e-02
4.470000000000000000e+02,-2.281614300807716794e-02
4.480000000000000000e+02,4.555148012338119251e-02
4.490000000000000000e+02,-2.281032138551764357e-02
4.500000000000000000e+02,4.551730458881533825e-02
4.510000000000000000e+02,-2.280383788411651652e-02
4.520000000000000000e+02,4.548373804650268637e-02
4.530000000000000000e+02,-2.279723238987548667e-02
4.540000000000000000e+02,4.545068034578726018e-02
4.550000000000000000e+02,-2.279008002988886297e-02
4.560000000000000000e+02,4.541827084120757252e-02
4.570000000000000000e+02,-2.278253179826640953e-02
4.580000000000000000e+02,4.538637163117630047e-02
4.590000000000000000e+02,-2.277448440504563701e-02
4.600000000000000000e+02,4.535500112284715502e-02
4.610000000000000000e+02,-2.276614810450848167e-02
4.620000000000000000e+02,4.532426980347846468e-02
4.630000000000000000e+02,-2.275730783849107958e-02
4.640000000000000000e+02,4.529412046775073419e-02
4.650000000000000000e+02,-2.274815451213616641e-02
4.660000000000000000e+02,4.526442353910509198e-02
4.670000000000000000e+02,-2.273855206805000875e-02
4.680000000000000000e+02,4.523527098716832034e-02
4.690000000000000000e+02,-2.272856410464133350e-02
4.700000000000000000e+02,4.520664616434406924e-02
4.710000000000000000e+02,-2.271817373659714562e-02
4.720000000000000000e+02,4.517855694087997281e-02
4.730000000000000000e+02,-2.270740996522241026e-02
4.740000000000000000e+02,4.515094578720865726e-02
4.750000000000000000e+02,-2.269627577584641329e-02
4.760000000000000000e+02,4.512385903083152017e-02
4.770000000000000000e+02,-2.268475206250042051e-02
4.780000000000000000e+02,4.509726988431931455e-02
4.790000000000000000e+02,-2.267284841660973868e-02
4.800000000000000000e+02,4.507116706850256005e-02
4.810000000000000000e+02,-2.266055769798183336e-02
4.820000000000000000e+02,4.504556434549403243e-02
4.830000000000000000e+02,-2.264789808351647116e-02
4.840000000000000000e+02,4.502044319873798467e-02
4.850000000000000000e+02,-2.263485322724933038e-02
4.860000000000000000e+02,4.499580691476547795e-02
4.870000000000000000e+02,-2.262143753918283151e-02
4.880000000000000000e+02,4.497164979682172908e-02
4.890000000000000000e+02,-2.260764179151893150e-02
4.900000000000000000e+02,4.494797047843904214e-02
4.910000000000000000e+02,-2.259347067780910143e-02
4.920000000000000000e+02,4.492476469936482197e-02
4.930000000000000000e+02,-2.257892114796537439e-02
4.940000000000000000e+02,4.490203152412319126e-02
4.950000000000000000e+02,-2.256399451993532437e-02
4.960000000000000000e+02,4.487976717477244054e-02
4.970000000000000000e+02,-2.254868890844751936e-02
4.980000000000000000e+02,4.485796971468083288e-02
4.990000000000000000e+02,-2.253300411187077884e-02
5.000000000000000000e+02,4.483663698387473778e-02
5.010000000000000000e+02,-2.251693939238340672e-02
5.020000000000000000e+02,4.481576712164707377e-02
5.030000000000000000e+02,-2.250049348045346162e-02
5.040000000000000000e+02,4.479535815685296851e-02
5.050000000000000000e+02,-2.248366561011139533e-02
5.060000000000000000e+02,4.477540827931334594e-02
5.070000000000000000e+02,-2.246645464062257264e-02
5.080000000000000000e+02,4.475591583056623413e-02
5.090000000000000000e+02,-2.244885937936426379e-02
5.100000000000000000e+02,4.473687923525108967e-02
5.110000000000000000e+02,-2.243087857426846396e-02
